Result for strategy BigZ03
=========================================================== BACKTESTING REPORT ===========================================================
|        Pair |   Buys |   Avg Profit % |   Cum Profit % |   Tot Profit USDT |   Tot Profit % |   Avg Duration |   Win  Draw  Loss  Win% |
|-------------+--------+----------------+----------------+-------------------+----------------+----------------+-------------------------|
|    ATM/USDT |     16 |           2.34 |          37.47 |           398.862 |          39.89 |        0:12:00 |    16     0     0   100 |
|  TFUEL/USDT |      7 |           2.28 |          15.97 |           287.987 |          28.80 |        0:14:00 |     7     0     0   100 |
|   DOGE/USDT |     13 |           1.76 |          22.82 |           229.261 |          22.93 |        0:23:00 |    13     0     0   100 |
|  MATIC/USDT |     10 |           1.58 |          15.78 |           184.654 |          18.47 |        0:27:00 |    10     0     0   100 |
|   BAKE/USDT |      6 |           2.30 |          13.79 |           158.758 |          15.88 |        0:10:00 |     6     0     0   100 |
|    CKB/USDT |      4 |           1.58 |           6.31 |           116.880 |          11.69 |        1:46:00 |     4     0     0   100 |
|   POND/USDT |      6 |           1.32 |           7.89 |           114.697 |          11.47 |        0:46:00 |     6     0     0   100 |
|    SLP/USDT |      4 |           1.97 |           7.89 |           112.739 |          11.27 |        0:18:00 |     4     0     0   100 |
|    MIR/USDT |      5 |           1.54 |           7.72 |           108.673 |          10.87 | 1 day, 9:11:00 |     5     0     0   100 |
|    KSM/USDT |      6 |           1.78 |          10.65 |           106.000 |          10.60 |        0:18:00 |     6     0     0   100 |
|  BTCST/USDT |      6 |           1.54 |           9.23 |           103.907 |          10.39 |        0:23:00 |     6     0     0   100 |
|   STPT/USDT |      3 |           2.03 |           6.09 |            92.612 |           9.26 |        0:28:00 |     3     0     0   100 |
| BURGER/USDT |      4 |           2.55 |          10.19 |            92.193 |           9.22 |        0:04:00 |     4     0     0   100 |
|   DENT/USDT |      5 |           1.41 |           7.04 |            90.109 |           9.01 |        4:23:00 |     5     0     0   100 |
|    ETC/USDT |      9 |           1.22 |          11.02 |            86.587 |           8.66 |        0:35:00 |     9     0     0   100 |
|    ONG/USDT |      5 |           1.42 |           7.09 |            82.635 |           8.26 |        0:29:00 |     5     0     0   100 |
|    ONE/USDT |      4 |           1.65 |           6.59 |            78.871 |           7.89 |        0:32:00 |     4     0     0   100 |
|    BTG/USDT |      5 |           1.22 |           6.09 |            75.558 |           7.56 |        1:08:00 |     5     0     0   100 |
|    NMR/USDT |      4 |           1.47 |           5.89 |            75.517 |           7.55 |        0:19:00 |     4     0     0   100 |
|    CHZ/USDT |      4 |           1.34 |           5.36 |            74.274 |           7.43 |        0:29:00 |     4     0     0   100 |
|    DOT/USDT |      2 |           1.80 |           3.60 |            72.118 |           7.21 |        0:20:00 |     2     0     0   100 |
|   ANKR/USDT |      2 |           1.65 |           3.30 |            71.618 |           7.16 |        0:40:00 |     2     0     0   100 |
|    RVN/USDT |      2 |           1.80 |           3.60 |            67.714 |           6.77 |        2:15:00 |     2     0     0   100 |
|   DODO/USDT |      3 |           1.37 |           4.10 |            67.114 |           6.71 |        0:30:00 |     3     0     0   100 |
|    EOS/USDT |      4 |           1.79 |           7.17 |            66.669 |           6.67 |        0:25:00 |     4     0     0   100 |
|   DATA/USDT |      5 |           0.62 |           3.10 |            60.884 |           6.09 |        0:24:00 |     4     0     1  80.0 |
|    TLM/USDT |      5 |           1.02 |           5.09 |            60.765 |           6.08 |        0:49:00 |     5     0     0   100 |
|   HBAR/USDT |      5 |           1.28 |           6.39 |            59.557 |           5.96 |        0:34:00 |     5     0     0   100 |
|   CTSI/USDT |      4 |           1.15 |           4.60 |            59.483 |           5.95 |        1:28:00 |     4     0     0   100 |
|    ADA/USDT |      4 |           1.36 |           5.44 |            50.552 |           5.06 |        0:30:00 |     4     0     0   100 |
|   AAVE/USDT |      4 |           1.40 |           5.59 |            48.986 |           4.90 |        0:28:00 |     4     0     0   100 |
|    CRV/USDT |      2 |           1.26 |           2.52 |            46.496 |           4.65 |        0:30:00 |     2     0     0   100 |
|  AUDIO/USDT |      5 |           0.60 |           2.98 |            43.012 |           4.30 |        1:19:00 |     4     0     1  80.0 |
|    TKO/USDT |      2 |           1.15 |           2.30 |            41.832 |           4.18 |        0:25:00 |     2     0     0   100 |
|    ZRX/USDT |      1 |           1.80 |           1.80 |            40.318 |           4.03 |        0:15:00 |     1     0     0   100 |
|    ZEN/USDT |      3 |           0.93 |           2.80 |            39.228 |           3.92 |        0:42:00 |     3     0     0   100 |
|   DASH/USDT |      3 |           1.37 |           4.10 |            37.933 |           3.79 |        2:22:00 |     3     0     0   100 |
|    MKR/USDT |      3 |           0.93 |           2.80 |            37.885 |           3.79 |        1:52:00 |     3     0     0   100 |
|   IOTX/USDT |      4 |           0.65 |           2.60 |            33.939 |           3.39 |       10:46:00 |     3     0     1  75.0 |
|    AVA/USDT |      2 |           0.79 |           1.58 |            33.604 |           3.36 |        0:40:00 |     2     0     0   100 |
|   RUNE/USDT |      3 |           1.48 |           4.44 |            33.365 |           3.34 |        0:27:00 |     3     0     0   100 |
|    DGB/USDT |      3 |           1.37 |           4.10 |            32.873 |           3.29 |        0:50:00 |     3     0     0   100 |
|    WRX/USDT |      2 |           1.15 |           2.30 |            31.873 |           3.19 |        0:45:00 |     2     0     0   100 |
|    STX/USDT |      2 |           1.15 |           2.30 |            29.419 |           2.94 |        0:38:00 |     2     0     0   100 |
|    GXS/USDT |      2 |           1.65 |           3.30 |            27.144 |           2.71 |        0:22:00 |     2     0     0   100 |
|    RLC/USDT |      3 |           1.29 |           3.87 |            26.874 |           2.69 |        0:30:00 |     3     0     0   100 |
|    BAT/USDT |      1 |           1.77 |           1.77 |            26.162 |           2.62 |        0:40:00 |     1     0     0   100 |
|   LUNA/USDT |      1 |           1.80 |           1.80 |            25.892 |           2.59 |        0:15:00 |     1     0     0   100 |
|   LINK/USDT |      2 |           1.15 |           2.30 |            24.716 |           2.47 |        0:35:00 |     2     0     0   100 |
|  ALICE/USDT |      2 |           1.80 |           3.60 |            23.913 |           2.39 |        0:10:00 |     2     0     0   100 |
|   CAKE/USDT |      1 |           1.80 |           1.80 |            23.234 |           2.32 |        0:10:00 |     1     0     0   100 |
|    SOL/USDT |      1 |           1.80 |           1.80 |            22.293 |           2.23 |        0:15:00 |     1     0     0   100 |
|  THETA/USDT |      1 |           1.27 |           1.27 |            22.120 |           2.21 |        0:40:00 |     1     0     0   100 |
|   IOTA/USDT |      1 |           1.80 |           1.80 |            19.324 |           1.93 |        0:15:00 |     1     0     0   100 |
|    BCH/USDT |      1 |           2.80 |           2.80 |            19.175 |           1.92 |        0:00:00 |     1     0     0   100 |
|    SNX/USDT |      1 |           1.80 |           1.80 |            17.368 |           1.74 |        0:15:00 |     1     0     0   100 |
|    TRX/USDT |      1 |           1.80 |           1.80 |            17.215 |           1.72 | 1 day, 0:55:00 |     1     0     0   100 |
|   STMX/USDT |      1 |           1.16 |           1.16 |            17.057 |           1.71 |        0:40:00 |     1     0     0   100 |
|    YFI/USDT |      2 |           1.15 |           2.30 |            17.038 |           1.70 |        0:32:00 |     2     0     0   100 |
|    XVS/USDT |      2 |           0.91 |           1.83 |            14.278 |           1.43 |        1:12:00 |     2     0     0   100 |
|    OMG/USDT |      2 |           1.15 |           2.30 |            14.170 |           1.42 |        0:38:00 |     2     0     0   100 |
|   QTUM/USDT |      2 |           1.15 |           2.30 |            13.671 |           1.37 |        0:45:00 |     2     0     0   100 |
|    MTL/USDT |      2 |           0.78 |           1.55 |            12.854 |           1.29 |        1:02:00 |     2     0     0   100 |
|   KAVA/USDT |      1 |           0.77 |           0.77 |            12.563 |           1.26 |        0:40:00 |     1     0     0   100 |
|   AVAX/USDT |      1 |           1.80 |           1.80 |            11.690 |           1.17 |        0:35:00 |     1     0     0   100 |
|   IOST/USDT |      1 |           0.50 |           0.50 |            11.619 |           1.16 |        0:45:00 |     1     0     0   100 |
|    BTT/USDT |      1 |           1.80 |           1.80 |            11.256 |           1.13 |        0:10:00 |     1     0     0   100 |
|    SXP/USDT |      1 |           0.50 |           0.50 |            10.386 |           1.04 |        2:10:00 |     1     0     0   100 |
|    ZIL/USDT |      1 |           0.50 |           0.50 |            10.299 |           1.03 |        2:10:00 |     1     0     0   100 |
|    XEM/USDT |      1 |           1.80 |           1.80 |            10.229 |           1.02 |        0:15:00 |     1     0     0   100 |
|    XRP/USDT |      1 |           1.80 |           1.80 |            10.089 |           1.01 |        0:15:00 |     1     0     0   100 |
|  WAVES/USDT |      1 |           1.80 |           1.80 |             9.496 |           0.95 |        5:55:00 |     1     0     0   100 |
|   COMP/USDT |      1 |           0.50 |           0.50 |             8.866 |           0.89 |        0:45:00 |     1     0     0   100 |
|    ONT/USDT |      1 |           0.50 |           0.50 |             8.681 |           0.87 |        1:20:00 |     1     0     0   100 |
|    ENJ/USDT |      1 |           0.50 |           0.50 |             8.235 |           0.82 |        0:40:00 |     1     0     0   100 |
|    XMR/USDT |      1 |           0.50 |           0.50 |             7.969 |           0.80 |        1:10:00 |     1     0     0   100 |
|   ALGO/USDT |      0 |           0.00 |           0.00 |             0.000 |           0.00 |           0:00 |     0     0     0     0 |
|   ATOM/USDT |      0 |           0.00 |           0.00 |             0.000 |           0.00 |           0:00 |     0     0     0     0 |
|    BTC/USDT |      0 |           0.00 |           0.00 |             0.000 |           0.00 |           0:00 |     0     0     0     0 |
|    CHR/USDT |      0 |           0.00 |           0.00 |             0.000 |           0.00 |           0:00 |     0     0     0     0 |
|   EGLD/USDT |      0 |           0.00 |           0.00 |             0.000 |           0.00 |           0:00 |     0     0     0     0 |
|    ETH/USDT |      0 |           0.00 |           0.00 |             0.000 |           0.00 |           0:00 |     0     0     0     0 |
|    FIL/USDT |      0 |           0.00 |           0.00 |             0.000 |           0.00 |           0:00 |     0     0     0     0 |
|    GRT/USDT |      0 |           0.00 |           0.00 |             0.000 |           0.00 |           0:00 |     0     0     0     0 |
|    HOT/USDT |      0 |           0.00 |           0.00 |             0.000 |           0.00 |           0:00 |     0     0     0     0 |
|    LTC/USDT |      0 |           0.00 |           0.00 |             0.000 |           0.00 |           0:00 |     0     0     0     0 |
|   MANA/USDT |      0 |           0.00 |           0.00 |             0.000 |           0.00 |           0:00 |     0     0     0     0 |
|    NEO/USDT |      0 |           0.00 |           0.00 |             0.000 |           0.00 |           0:00 |     0     0     0     0 |
|    NKN/USDT |      0 |           0.00 |           0.00 |             0.000 |           0.00 |           0:00 |     0     0     0     0 |
|    PNT/USDT |      0 |           0.00 |           0.00 |             0.000 |           0.00 |           0:00 |     0     0     0     0 |
|     SC/USDT |      0 |           0.00 |           0.00 |             0.000 |           0.00 |           0:00 |     0     0     0     0 |
|    SKL/USDT |      0 |           0.00 |           0.00 |             0.000 |           0.00 |           0:00 |     0     0     0     0 |
|    TWT/USDT |      0 |           0.00 |           0.00 |             0.000 |           0.00 |           0:00 |     0     0     0     0 |
|    UNI/USDT |      0 |           0.00 |           0.00 |             0.000 |           0.00 |           0:00 |     0     0     0     0 |
|    VET/USDT |      0 |           0.00 |           0.00 |             0.000 |           0.00 |           0:00 |     0     0     0     0 |
|    WIN/USDT |      0 |           0.00 |           0.00 |             0.000 |           0.00 |           0:00 |     0     0     0     0 |
|    XLM/USDT |      0 |           0.00 |           0.00 |             0.000 |           0.00 |           0:00 |     0     0     0     0 |
|    XTZ/USDT |      0 |           0.00 |           0.00 |             0.000 |           0.00 |           0:00 |     0     0     0     0 |
|    ZEC/USDT |      0 |           0.00 |           0.00 |             0.000 |           0.00 |           0:00 |     0     0     0     0 |
|  SUSHI/USDT |      6 |           0.26 |           1.54 |            -4.460 |          -0.45 |        1:19:00 |     5     0     1  83.3 |
|   CELR/USDT |      4 |          -1.01 |          -4.06 |           -29.252 |          -2.93 |        0:39:00 |     3     0     1  75.0 |
|    AXS/USDT |      1 |          -4.29 |          -4.29 |           -41.758 |          -4.18 |        1:50:00 |     0     0     1     0 |
|   REEF/USDT |      2 |          -1.55 |          -3.11 |           -49.046 |          -4.90 |        0:50:00 |     1     0     1  50.0 |
|   PERL/USDT |      4 |          -0.53 |          -2.12 |           -61.866 |          -6.19 |        1:35:00 |     3     0     1  75.0 |
|    FTM/USDT |      2 |          -3.41 |          -6.82 |           -69.227 |          -6.92 |        1:05:00 |     1     0     1  50.0 |
|   AION/USDT |      3 |          -4.29 |         -12.86 |           -84.302 |          -8.43 |        0:43:00 |     1     0     2  33.3 |
|    DNT/USDT |      1 |          -6.54 |          -6.54 |           -98.437 |          -9.84 |        1:50:00 |     0     0     1     0 |
|     AR/USDT |      2 |          -4.38 |          -8.77 |          -220.565 |         -22.06 |        0:45:00 |     1     0     1  50.0 |
|       TOTAL |    268 |           1.18 |         316.84 |          3694.972 |         369.50 |        1:36:00 |   255     0    13  95.1 |
======================================================= SELL REASON STATS ========================================================
|        Sell Reason |   Sells |   Win  Draws  Loss  Win% |   Avg Profit % |   Cum Profit % |   Tot Profit USDT |   Tot Profit % |
|--------------------+---------+--------------------------+----------------+----------------+-------------------+----------------|
|                roi |     255 |    255     0     0   100 |           1.55 |         395.73 |           4781.84 |         197.86 |
| trailing_stop_loss |      13 |      0     0    13     0 |          -6.07 |         -78.89 |          -1086.87 |         -39.44 |
====================================================== LEFT OPEN TRADES REPORT ======================================================
|   Pair |   Buys |   Avg Profit % |   Cum Profit % |   Tot Profit USDT |   Tot Profit % |   Avg Duration |   Win  Draw  Loss  Win% |
|--------+--------+----------------+----------------+-------------------+----------------+----------------+-------------------------|
|  TOTAL |      0 |           0.00 |           0.00 |             0.000 |           0.00 |           0:00 |     0     0     0     0 |
=============== SUMMARY METRICS ===============
| Metric                | Value               |
|-----------------------+---------------------|
| Backtesting from      | 2021-05-01 00:00:00 |
| Backtesting to        | 2021-06-25 16:45:00 |
| Max open trades       | 2                   |
|                       |                     |
| Total trades          | 268                 |
| Starting balance      | 1000.000 USDT       |
| Final balance         | 4694.972 USDT       |
| Absolute profit       | 3694.972 USDT       |
| Total profit %        | 369.5%              |
| Trades per day        | 4.87                |
| Avg. stake amount     | 1265.795 USDT       |
| Total trade volume    | 339232.990 USDT     |
|                       |                     |
| Best Pair             | ATM/USDT 37.47%     |
| Worst Pair            | AION/USDT -12.86%   |
| Best trade            | BURGER/USDT 2.8%    |
| Worst trade           | AR/USDT -10.57%     |
| Best day              | 306.440 USDT        |
| Worst day             | -132.758 USDT       |
| Days win/draw/lose    | 47 / 3 / 5          |
| Avg. Duration Winners | 1:35:00             |
| Avg. Duration Loser   | 1:58:00             |
| Zero Duration Trades  | 0.00% (0)           |
| Rejected Buy signals  | 102337              |
|                       |                     |
| Min balance           | 1008.910 USDT       |
| Max balance           | 4817.255 USDT       |
| Drawdown              | 14.2%               |
| Drawdown              | 252.201 USDT        |
| Drawdown high         | 3817.255 USDT       |
| Drawdown low          | 3565.054 USDT       |
| Drawdown Start        | 2021-06-22 13:55:00 |
| Drawdown End          | 2021-06-22 20:15:00 |
| Market change         | -55.37%             |
===============================================

Result for strategy NostalgiaForInfinityV5
=========================================================== BACKTESTING REPORT ===========================================================
|        Pair |   Buys |   Avg Profit % |   Cum Profit % |   Tot Profit USDT |   Tot Profit % |   Avg Duration |   Win  Draw  Loss  Win% |
|-------------+--------+----------------+----------------+-------------------+----------------+----------------+-------------------------|
|    GXS/USDT |      5 |           5.41 |          27.07 |          1354.541 |         135.45 |        9:37:00 |     5     0     0   100 |
|   DATA/USDT |      3 |           6.55 |          19.66 |          1345.209 |         134.52 |        5:03:00 |     3     0     0   100 |
|    ATM/USDT |     11 |           6.59 |          72.49 |          1309.932 |         130.99 |        1:14:00 |    11     0     0   100 |
|    BTG/USDT |      1 |          17.36 |          17.36 |          1095.400 |         109.54 |       11:55:00 |     1     0     0   100 |
|  TFUEL/USDT |      7 |           2.97 |          20.76 |           998.194 |          99.82 |        3:29:00 |     7     0     0   100 |
|   DOGE/USDT |      9 |           4.83 |          43.45 |           846.523 |          84.65 |        4:54:00 |     9     0     0   100 |
|   STPT/USDT |      3 |           3.65 |          10.96 |           842.798 |          84.28 |        0:33:00 |     3     0     0   100 |
|    NMR/USDT |      4 |           5.16 |          20.64 |           778.040 |          77.80 |        3:24:00 |     4     0     0   100 |
|   POND/USDT |      2 |           7.63 |          15.26 |           737.642 |          73.76 |        4:35:00 |     2     0     0   100 |
|  MATIC/USDT |      8 |           3.46 |          27.70 |           729.864 |          72.99 |        1:58:00 |     8     0     0   100 |
|    KSM/USDT |      3 |          10.03 |          30.09 |           694.206 |          69.42 |       16:05:00 |     3     0     0   100 |
|    SLP/USDT |      4 |           3.60 |          14.39 |           570.534 |          57.05 |        1:36:00 |     4     0     0   100 |
|     AR/USDT |      5 |           1.53 |           7.64 |           565.324 |          56.53 |        3:04:00 |     4     0     1  80.0 |
|  ALICE/USDT |      3 |           3.03 |           9.08 |           560.916 |          56.09 |        4:55:00 |     3     0     0   100 |
|    ONE/USDT |      4 |           8.89 |          35.54 |           518.831 |          51.88 |        6:09:00 |     4     0     0   100 |
|    ONG/USDT |      4 |           3.62 |          14.49 |           464.179 |          46.42 |        1:39:00 |     4     0     0   100 |
|   BAKE/USDT |      4 |           2.96 |          11.83 |           430.272 |          43.03 |        1:48:00 |     4     0     0   100 |
|    SOL/USDT |      4 |           2.23 |           8.91 |           403.893 |          40.39 |        0:54:00 |     4     0     0   100 |
|   AAVE/USDT |      5 |           4.11 |          20.57 |           395.270 |          39.53 |        0:46:00 |     5     0     0   100 |
|   PERL/USDT |      4 |           0.96 |           3.84 |           371.700 |          37.17 |        5:49:00 |     3     0     1  75.0 |
|   RUNE/USDT |      2 |           1.84 |           3.68 |           333.344 |          33.33 |        0:32:00 |     2     0     0   100 |
|    ADA/USDT |      2 |           7.82 |          15.65 |           294.202 |          29.42 |        3:38:00 |     2     0     0   100 |
|    AVA/USDT |      1 |           3.39 |           3.39 |           282.348 |          28.23 |        5:05:00 |     1     0     0   100 |
|    CHR/USDT |      3 |           2.39 |           7.16 |           266.758 |          26.68 |        7:52:00 |     3     0     0   100 |
|   CTSI/USDT |      1 |          33.65 |          33.65 |           240.448 |          24.04 |        7:20:00 |     1     0     0   100 |
|   REEF/USDT |      2 |           2.36 |           4.73 |           202.255 |          20.23 |        1:12:00 |     2     0     0   100 |
|   DENT/USDT |      2 |           2.33 |           4.66 |           188.369 |          18.84 |        0:30:00 |     2     0     0   100 |
|    NKN/USDT |      1 |           5.11 |           5.11 |           181.277 |          18.13 |        2:40:00 |     1     0     0   100 |
|    WRX/USDT |      1 |           2.34 |           2.34 |           174.912 |          17.49 |        0:20:00 |     1     0     0   100 |
|    CKB/USDT |      1 |           2.59 |           2.59 |           162.488 |          16.25 |        0:20:00 |     1     0     0   100 |
|    DGB/USDT |      2 |           1.83 |           3.66 |           158.239 |          15.82 |        1:28:00 |     2     0     0   100 |
|    FTM/USDT |      2 |           1.79 |           3.59 |           148.918 |          14.89 |        0:35:00 |     2     0     0   100 |
|  BTCST/USDT |      1 |           4.41 |           4.41 |           141.041 |          14.10 |        0:10:00 |     1     0     0   100 |
|    FIL/USDT |      1 |           2.02 |           2.02 |           128.900 |          12.89 |        0:50:00 |     1     0     0   100 |
|   CELR/USDT |      1 |           4.39 |           4.39 |           118.097 |          11.81 |        0:25:00 |     1     0     0   100 |
|    AXS/USDT |      2 |           1.75 |           3.50 |           117.068 |          11.71 |        5:50:00 |     2     0     0   100 |
|    EOS/USDT |      2 |           9.01 |          18.03 |           112.457 |          11.25 |        2:10:00 |     2     0     0   100 |
|    ETC/USDT |      5 |           2.80 |          13.98 |           108.425 |          10.84 |        0:16:00 |     5     0     0   100 |
|    DOT/USDT |      1 |           3.96 |           3.96 |           106.315 |          10.63 |        0:30:00 |     1     0     0   100 |
|   MANA/USDT |      1 |           2.66 |           2.66 |           100.977 |          10.10 |        0:20:00 |     1     0     0   100 |
|    SKL/USDT |      1 |           2.18 |           2.18 |            98.406 |           9.84 |        1:15:00 |     1     0     0   100 |
|    TKO/USDT |      1 |           2.76 |           2.76 |            90.029 |           9.00 |        0:25:00 |     1     0     0   100 |
|    SNX/USDT |      2 |           3.95 |           7.91 |            88.981 |           8.90 |        6:10:00 |     2     0     0   100 |
|    RLC/USDT |      2 |           2.01 |           4.02 |            85.962 |           8.60 |        0:20:00 |     2     0     0   100 |
|    XVS/USDT |      1 |           2.90 |           2.90 |            73.679 |           7.37 |        0:05:00 |     1     0     0   100 |
|    TLM/USDT |      2 |           4.41 |           8.82 |            60.227 |           6.02 |        2:22:00 |     2     0     0   100 |
|    MKR/USDT |      1 |           2.05 |           2.05 |            58.824 |           5.88 |        0:25:00 |     1     0     0   100 |
|  SUSHI/USDT |      2 |           0.38 |           0.77 |            42.409 |           4.24 |        9:00:00 |     1     0     1  50.0 |
|    XTZ/USDT |      1 |           7.08 |           7.08 |            41.252 |           4.13 |        8:05:00 |     1     0     0   100 |
|    BTT/USDT |      1 |           5.59 |           5.59 |            37.268 |           3.73 |        8:10:00 |     1     0     0   100 |
|   QTUM/USDT |      1 |           3.94 |           3.94 |            27.860 |           2.79 |        0:15:00 |     1     0     0   100 |
|   AION/USDT |      1 |           2.37 |           2.37 |            27.465 |           2.75 |        0:55:00 |     1     0     0   100 |
|  AUDIO/USDT |      1 |           3.68 |           3.68 |            21.048 |           2.10 |        5:15:00 |     1     0     0   100 |
|    NEO/USDT |      1 |           2.33 |           2.33 |            15.509 |           1.55 |        7:30:00 |     1     0     0   100 |
|   ATOM/USDT |      1 |           2.13 |           2.13 |            15.333 |           1.53 |        6:35:00 |     1     0     0   100 |
|  THETA/USDT |      1 |           0.39 |           0.39 |             9.312 |           0.93 |        9:10:00 |     1     0     0   100 |
|    XRP/USDT |      1 |           0.81 |           0.81 |             4.029 |           0.40 |        0:25:00 |     1     0     0   100 |
|    XEM/USDT |      1 |           0.12 |           0.12 |             0.618 |           0.06 |        0:40:00 |     1     0     0   100 |
|   ALGO/USDT |      0 |           0.00 |           0.00 |             0.000 |           0.00 |           0:00 |     0     0     0     0 |
|   ANKR/USDT |      0 |           0.00 |           0.00 |             0.000 |           0.00 |           0:00 |     0     0     0     0 |
|   AVAX/USDT |      0 |           0.00 |           0.00 |             0.000 |           0.00 |           0:00 |     0     0     0     0 |
|    BAT/USDT |      0 |           0.00 |           0.00 |             0.000 |           0.00 |           0:00 |     0     0     0     0 |
|    BCH/USDT |      0 |           0.00 |           0.00 |             0.000 |           0.00 |           0:00 |     0     0     0     0 |
|    BTC/USDT |      0 |           0.00 |           0.00 |             0.000 |           0.00 |           0:00 |     0     0     0     0 |
| BURGER/USDT |      0 |           0.00 |           0.00 |             0.000 |           0.00 |           0:00 |     0     0     0     0 |
|   CAKE/USDT |      0 |           0.00 |           0.00 |             0.000 |           0.00 |           0:00 |     0     0     0     0 |
|    CHZ/USDT |      0 |           0.00 |           0.00 |             0.000 |           0.00 |           0:00 |     0     0     0     0 |
|   COMP/USDT |      0 |           0.00 |           0.00 |             0.000 |           0.00 |           0:00 |     0     0     0     0 |
|    CRV/USDT |      0 |           0.00 |           0.00 |             0.000 |           0.00 |           0:00 |     0     0     0     0 |
|   DASH/USDT |      0 |           0.00 |           0.00 |             0.000 |           0.00 |           0:00 |     0     0     0     0 |
|   DODO/USDT |      0 |           0.00 |           0.00 |             0.000 |           0.00 |           0:00 |     0     0     0     0 |
|   EGLD/USDT |      0 |           0.00 |           0.00 |             0.000 |           0.00 |           0:00 |     0     0     0     0 |
|    ENJ/USDT |      0 |           0.00 |           0.00 |             0.000 |           0.00 |           0:00 |     0     0     0     0 |
|    ETH/USDT |      0 |           0.00 |           0.00 |             0.000 |           0.00 |           0:00 |     0     0     0     0 |
|    GRT/USDT |      0 |           0.00 |           0.00 |             0.000 |           0.00 |           0:00 |     0     0     0     0 |
|   HBAR/USDT |      0 |           0.00 |           0.00 |             0.000 |           0.00 |           0:00 |     0     0     0     0 |
|    HOT/USDT |      0 |           0.00 |           0.00 |             0.000 |           0.00 |           0:00 |     0     0     0     0 |
|   IOST/USDT |      0 |           0.00 |           0.00 |             0.000 |           0.00 |           0:00 |     0     0     0     0 |
|   IOTA/USDT |      0 |           0.00 |           0.00 |             0.000 |           0.00 |           0:00 |     0     0     0     0 |
|   IOTX/USDT |      0 |           0.00 |           0.00 |             0.000 |           0.00 |           0:00 |     0     0     0     0 |
|   KAVA/USDT |      0 |           0.00 |           0.00 |             0.000 |           0.00 |           0:00 |     0     0     0     0 |
|   LINK/USDT |      0 |           0.00 |           0.00 |             0.000 |           0.00 |           0:00 |     0     0     0     0 |
|    LTC/USDT |      0 |           0.00 |           0.00 |             0.000 |           0.00 |           0:00 |     0     0     0     0 |
|    MTL/USDT |      0 |           0.00 |           0.00 |             0.000 |           0.00 |           0:00 |     0     0     0     0 |
|    ONT/USDT |      0 |           0.00 |           0.00 |             0.000 |           0.00 |           0:00 |     0     0     0     0 |
|    PNT/USDT |      0 |           0.00 |           0.00 |             0.000 |           0.00 |           0:00 |     0     0     0     0 |
|    RVN/USDT |      0 |           0.00 |           0.00 |             0.000 |           0.00 |           0:00 |     0     0     0     0 |
|   STMX/USDT |      0 |           0.00 |           0.00 |             0.000 |           0.00 |           0:00 |     0     0     0     0 |
|    STX/USDT |      0 |           0.00 |           0.00 |             0.000 |           0.00 |           0:00 |     0     0     0     0 |
|    SXP/USDT |      0 |           0.00 |           0.00 |             0.000 |           0.00 |           0:00 |     0     0     0     0 |
|    TRX/USDT |      0 |           0.00 |           0.00 |             0.000 |           0.00 |           0:00 |     0     0     0     0 |
|    TWT/USDT |      0 |           0.00 |           0.00 |             0.000 |           0.00 |           0:00 |     0     0     0     0 |
|    UNI/USDT |      0 |           0.00 |           0.00 |             0.000 |           0.00 |           0:00 |     0     0     0     0 |
|    VET/USDT |      0 |           0.00 |           0.00 |             0.000 |           0.00 |           0:00 |     0     0     0     0 |
|  WAVES/USDT |      0 |           0.00 |           0.00 |             0.000 |           0.00 |           0:00 |     0     0     0     0 |
|    WIN/USDT |      0 |           0.00 |           0.00 |             0.000 |           0.00 |           0:00 |     0     0     0     0 |
|    XLM/USDT |      0 |           0.00 |           0.00 |             0.000 |           0.00 |           0:00 |     0     0     0     0 |
|    XMR/USDT |      0 |           0.00 |           0.00 |             0.000 |           0.00 |           0:00 |     0     0     0     0 |
|    YFI/USDT |      0 |           0.00 |           0.00 |             0.000 |           0.00 |           0:00 |     0     0     0     0 |
|    ZEC/USDT |      0 |           0.00 |           0.00 |             0.000 |           0.00 |           0:00 |     0     0     0     0 |
|    ZEN/USDT |      0 |           0.00 |           0.00 |             0.000 |           0.00 |           0:00 |     0     0     0     0 |
|    ZIL/USDT |      0 |           0.00 |           0.00 |             0.000 |           0.00 |           0:00 |     0     0     0     0 |
|    ZRX/USDT |      0 |           0.00 |           0.00 |             0.000 |           0.00 |           0:00 |     0     0     0     0 |
|    MIR/USDT |      0 |           0.00 |           0.00 |             0.000 |           0.00 |           0:00 |     0     0     0     0 |
|    OMG/USDT |      1 |          -4.05 |          -4.05 |           -28.049 |          -2.80 |       11:05:00 |     0     0     1     0 |
|   LUNA/USDT |      2 |           0.13 |           0.26 |          -176.205 |         -17.62 |        8:35:00 |     1     0     1  50.0 |
|     SC/USDT |      1 |          -6.09 |          -6.09 |          -378.783 |         -37.88 |       21:05:00 |     0     0     1     0 |
|    DNT/USDT |      1 |         -21.16 |         -21.16 |         -1895.109 |        -189.51 |       19:15:00 |     0     0     1     0 |
|       TOTAL |    154 |           3.92 |         603.68 |         16900.173 |        1690.02 |        3:46:00 |   147     0     7  95.5 |
======================================================== SELL REASON STATS ========================================================
|         Sell Reason |   Sells |   Win  Draws  Loss  Win% |   Avg Profit % |   Cum Profit % |   Tot Profit USDT |   Tot Profit % |
|---------------------+---------+--------------------------+----------------+----------------+-------------------+----------------|
|   signal_profit_u_1 |      70 |     70     0     0   100 |           3.05 |         213.71 |          6772.45  |         106.86 |
| signal_profit_u_e_1 |      25 |     25     0     0   100 |           1.24 |          30.91 |          1168.49  |          15.46 |
|         sell_signal |      16 |     16     0     0   100 |          15.35 |         245.57 |          6182     |         122.79 |
|     signal_profit_0 |      12 |     12     0     0   100 |           1.33 |          15.91 |           742.197 |           7.95 |
|   signal_profit_d_1 |       9 |      9     0     0   100 |           5.65 |          50.84 |          1588.31  |          25.42 |
|     signal_profit_2 |       8 |      8     0     0   100 |           5.9  |          47.21 |          1241.2   |          23.6  |
| signal_stoploss_u_1 |       7 |      0     0     7     0 |          -5.81 |         -40.68 |         -2821.9   |         -20.34 |
|   signal_profit_u_2 |       3 |      3     0     0   100 |           5.04 |          15.11 |           796.123 |           7.55 |
|     signal_profit_3 |       2 |      2     0     0   100 |           9.47 |          18.94 |          1178.65  |           9.47 |
|     signal_profit_1 |       2 |      2     0     0   100 |           3.08 |           6.15 |            52.651 |           3.08 |
====================================================== LEFT OPEN TRADES REPORT ======================================================
|   Pair |   Buys |   Avg Profit % |   Cum Profit % |   Tot Profit USDT |   Tot Profit % |   Avg Duration |   Win  Draw  Loss  Win% |
|--------+--------+----------------+----------------+-------------------+----------------+----------------+-------------------------|
|  TOTAL |      0 |           0.00 |           0.00 |             0.000 |           0.00 |           0:00 |     0     0     0     0 |
=============== SUMMARY METRICS ===============
| Metric                | Value               |
|-----------------------+---------------------|
| Backtesting from      | 2021-05-01 00:00:00 |
| Backtesting to        | 2021-06-25 16:45:00 |
| Max open trades       | 2                   |
|                       |                     |
| Total trades          | 154                 |
| Starting balance      | 1000.000 USDT       |
| Final balance         | 17900.173 USDT      |
| Absolute profit       | 16900.173 USDT      |
| Total profit %        | 1690.02%            |
| Trades per day        | 2.8                 |
| Avg. stake amount     | 3493.980 USDT       |
| Total trade volume    | 538072.902 USDT     |
|                       |                     |
| Best Pair             | ATM/USDT 72.49%     |
| Worst Pair            | DNT/USDT -21.16%    |
| Best trade            | ATM/USDT 40.41%     |
| Worst trade           | DNT/USDT -21.16%    |
| Best day              | 2320.951 USDT       |
| Worst day             | -633.448 USDT       |
| Days win/draw/lose    | 39 / 14 / 1         |
| Avg. Duration Winners | 3:14:00             |
| Avg. Duration Loser   | 14:42:00            |
| Zero Duration Trades  | 0.00% (0)           |
| Rejected Buy signals  | 145329              |
|                       |                     |
| Min balance           | 1000.618 USDT       |
| Max balance           | 19336.877 USDT      |
| Drawdown              | 21.16%              |
| Drawdown              | 1895.109 USDT       |
| Drawdown high         | 18336.877 USDT      |
| Drawdown low          | 16441.768 USDT      |
| Drawdown Start        | 2021-06-22 14:10:00 |
| Drawdown End          | 2021-06-22 16:35:00 |
| Market change         | -55.37%             |
===============================================

Result for strategy SMAOffsetProtect
=========================================================== BACKTESTING REPORT ===========================================================
|        Pair |   Buys |   Avg Profit % |   Cum Profit % |   Tot Profit USDT |   Tot Profit % |   Avg Duration |   Win  Draw  Loss  Win% |
|-------------+--------+----------------+----------------+-------------------+----------------+----------------+-------------------------|
|    SLP/USDT |     11 |           1.68 |          18.47 |           162.706 |          16.27 |        0:29:00 |    11     0     0   100 |
|   BAKE/USDT |      7 |           2.30 |          16.11 |           151.398 |          15.14 |        0:11:00 |     7     0     0   100 |
|   STPT/USDT |      6 |           1.85 |          11.10 |           147.150 |          14.72 |        0:22:00 |     6     0     0   100 |
|   DENT/USDT |      1 |          18.69 |          18.69 |           140.174 |          14.02 |        2:30:00 |     1     0     0   100 |
|    KSM/USDT |      5 |           3.05 |          15.25 |           134.527 |          13.45 |        0:28:00 |     5     0     0   100 |
|    ONG/USDT |      7 |           1.97 |          13.77 |           115.261 |          11.53 |        1:47:00 |     7     0     0   100 |
|    NMR/USDT |      7 |           1.36 |           9.52 |           100.869 |          10.09 |        1:14:00 |     6     0     1  85.7 |
|   LUNA/USDT |      5 |           1.55 |           7.75 |            81.256 |           8.13 |        0:16:00 |     5     0     0   100 |
|    SXP/USDT |      7 |           1.33 |           9.29 |            79.574 |           7.96 |        0:30:00 |     7     0     0   100 |
|    WRX/USDT |      6 |           1.01 |           6.07 |            79.177 |           7.92 |        0:09:00 |     6     0     0   100 |
| BURGER/USDT |      9 |           1.01 |           9.06 |            79.046 |           7.90 |        0:21:00 |     9     0     0   100 |
|    DNT/USDT |      3 |           1.56 |           4.68 |            73.320 |           7.33 |        0:07:00 |     3     0     0   100 |
|    TLM/USDT |      8 |           1.40 |          11.19 |            71.659 |           7.17 |        0:30:00 |     8     0     0   100 |
|    CKB/USDT |      9 |           1.00 |           8.99 |            70.311 |           7.03 |        0:31:00 |     9     0     0   100 |
|   POND/USDT |      5 |           1.02 |           5.09 |            64.829 |           6.48 |        0:29:00 |     5     0     0   100 |
|     AR/USDT |      3 |           1.45 |           4.36 |            62.864 |           6.29 |        0:10:00 |     3     0     0   100 |
|    ZEN/USDT |      2 |           3.02 |           6.04 |            61.225 |           6.12 |        0:10:00 |     2     0     0   100 |
|    SOL/USDT |      2 |           3.58 |           7.15 |            57.419 |           5.74 |        0:08:00 |     2     0     0   100 |
|  TFUEL/USDT |      3 |           1.32 |           3.96 |            56.566 |           5.66 |        0:05:00 |     3     0     0   100 |
|  BTCST/USDT |      3 |           1.82 |           5.45 |            54.403 |           5.44 |        0:48:00 |     3     0     0   100 |
|    RLC/USDT |      6 |           1.25 |           7.52 |            51.855 |           5.19 |        0:35:00 |     6     0     0   100 |
|   AION/USDT |      6 |           1.00 |           5.99 |            39.563 |           3.96 |        0:18:00 |     6     0     0   100 |
|    ENJ/USDT |      2 |           1.60 |           3.20 |            38.541 |           3.85 |        0:15:00 |     2     0     0   100 |
|    TKO/USDT |      3 |           1.00 |           3.00 |            33.428 |           3.34 |        0:10:00 |     3     0     0   100 |
|   CTSI/USDT |      5 |           0.85 |           4.24 |            32.294 |           3.23 |        0:53:00 |     5     0     0   100 |
|   QTUM/USDT |      3 |           1.00 |           3.00 |            28.560 |           2.86 |        0:20:00 |     3     0     0   100 |
|    MTL/USDT |      2 |           1.00 |           2.00 |            28.386 |           2.84 |        0:22:00 |     2     0     0   100 |
|  SUSHI/USDT |      3 |           1.00 |           3.00 |            28.087 |           2.81 |        1:15:00 |     3     0     0   100 |
|    PNT/USDT |      3 |           1.51 |           4.54 |            25.619 |           2.56 |        0:12:00 |     3     0     0   100 |
|    NKN/USDT |      2 |           1.00 |           2.00 |            22.830 |           2.28 |        0:18:00 |     2     0     0   100 |
|    ONE/USDT |      3 |           1.00 |           3.00 |            21.930 |           2.19 |        0:07:00 |     3     0     0   100 |
|    GXS/USDT |     10 |          -0.12 |          -1.23 |            21.408 |           2.14 |        1:02:00 |     9     0     1  90.0 |
|   ATOM/USDT |      2 |           1.44 |           2.89 |            20.205 |           2.02 |        0:20:00 |     2     0     0   100 |
|    ETC/USDT |      3 |           1.07 |           3.20 |            18.545 |           1.85 |        0:50:00 |     3     0     0   100 |
|    MKR/USDT |      2 |           1.00 |           2.00 |            16.555 |           1.66 |        0:28:00 |     2     0     0   100 |
|    STX/USDT |      1 |           1.47 |           1.47 |            15.602 |           1.56 |        0:15:00 |     1     0     0   100 |
|    AVA/USDT |      1 |           1.00 |           1.00 |            15.365 |           1.54 |        0:45:00 |     1     0     0   100 |
|    DOT/USDT |      1 |           1.79 |           1.79 |            14.918 |           1.49 |        0:40:00 |     1     0     0   100 |
|  THETA/USDT |      1 |           1.55 |           1.55 |            14.907 |           1.49 |        0:05:00 |     1     0     0   100 |
|   PERL/USDT |      1 |           1.00 |           1.00 |            14.088 |           1.41 |        1:30:00 |     1     0     0   100 |
|    TWT/USDT |      1 |           1.00 |           1.00 |            11.858 |           1.19 |        0:10:00 |     1     0     0   100 |
|    CHZ/USDT |      1 |           1.00 |           1.00 |             9.499 |           0.95 |        0:10:00 |     1     0     0   100 |
|   IOTX/USDT |      1 |           1.00 |           1.00 |             9.406 |           0.94 |        0:10:00 |     1     0     0   100 |
|    SNX/USDT |      1 |           1.29 |           1.29 |             8.388 |           0.84 |        0:25:00 |     1     0     0   100 |
|   ANKR/USDT |      1 |           1.00 |           1.00 |             8.222 |           0.82 |        0:15:00 |     1     0     0   100 |
|   CELR/USDT |      1 |           1.00 |           1.00 |             7.178 |           0.72 |        0:10:00 |     1     0     0   100 |
|   AAVE/USDT |      1 |           1.00 |           1.00 |             6.700 |           0.67 |        0:15:00 |     1     0     0   100 |
|    CHR/USDT |      1 |           1.00 |           1.00 |             6.589 |           0.66 |        0:10:00 |     1     0     0   100 |
|    OMG/USDT |      1 |           1.00 |           1.00 |             5.901 |           0.59 |        1:10:00 |     1     0     0   100 |
|    BTG/USDT |      1 |           1.00 |           1.00 |             5.694 |           0.57 |        0:05:00 |     1     0     0   100 |
|   DOGE/USDT |      1 |           1.00 |           1.00 |             5.568 |           0.56 |        0:10:00 |     1     0     0   100 |
|  WAVES/USDT |      1 |           1.00 |           1.00 |             5.514 |           0.55 |        0:10:00 |     1     0     0   100 |
|    ADA/USDT |      0 |           0.00 |           0.00 |             0.000 |           0.00 |           0:00 |     0     0     0     0 |
|   ALGO/USDT |      0 |           0.00 |           0.00 |             0.000 |           0.00 |           0:00 |     0     0     0     0 |
|  ALICE/USDT |      0 |           0.00 |           0.00 |             0.000 |           0.00 |           0:00 |     0     0     0     0 |
|  AUDIO/USDT |      0 |           0.00 |           0.00 |             0.000 |           0.00 |           0:00 |     0     0     0     0 |
|   AVAX/USDT |      0 |           0.00 |           0.00 |             0.000 |           0.00 |           0:00 |     0     0     0     0 |
|    AXS/USDT |      0 |           0.00 |           0.00 |             0.000 |           0.00 |           0:00 |     0     0     0     0 |
|    BAT/USDT |      0 |           0.00 |           0.00 |             0.000 |           0.00 |           0:00 |     0     0     0     0 |
|    BCH/USDT |      0 |           0.00 |           0.00 |             0.000 |           0.00 |           0:00 |     0     0     0     0 |
|    BTC/USDT |      0 |           0.00 |           0.00 |             0.000 |           0.00 |           0:00 |     0     0     0     0 |
|    BTT/USDT |      0 |           0.00 |           0.00 |             0.000 |           0.00 |           0:00 |     0     0     0     0 |
|   CAKE/USDT |      0 |           0.00 |           0.00 |             0.000 |           0.00 |           0:00 |     0     0     0     0 |
|   COMP/USDT |      0 |           0.00 |           0.00 |             0.000 |           0.00 |           0:00 |     0     0     0     0 |
|    CRV/USDT |      0 |           0.00 |           0.00 |             0.000 |           0.00 |           0:00 |     0     0     0     0 |
|   DASH/USDT |      0 |           0.00 |           0.00 |             0.000 |           0.00 |           0:00 |     0     0     0     0 |
|    DGB/USDT |      0 |           0.00 |           0.00 |             0.000 |           0.00 |           0:00 |     0     0     0     0 |
|   DODO/USDT |      0 |           0.00 |           0.00 |             0.000 |           0.00 |           0:00 |     0     0     0     0 |
|   EGLD/USDT |      0 |           0.00 |           0.00 |             0.000 |           0.00 |           0:00 |     0     0     0     0 |
|    EOS/USDT |      0 |           0.00 |           0.00 |             0.000 |           0.00 |           0:00 |     0     0     0     0 |
|    ETH/USDT |      0 |           0.00 |           0.00 |             0.000 |           0.00 |           0:00 |     0     0     0     0 |
|    FIL/USDT |      0 |           0.00 |           0.00 |             0.000 |           0.00 |           0:00 |     0     0     0     0 |
|    FTM/USDT |      0 |           0.00 |           0.00 |             0.000 |           0.00 |           0:00 |     0     0     0     0 |
|    GRT/USDT |      0 |           0.00 |           0.00 |             0.000 |           0.00 |           0:00 |     0     0     0     0 |
|   HBAR/USDT |      0 |           0.00 |           0.00 |             0.000 |           0.00 |           0:00 |     0     0     0     0 |
|    HOT/USDT |      0 |           0.00 |           0.00 |             0.000 |           0.00 |           0:00 |     0     0     0     0 |
|   IOST/USDT |      0 |           0.00 |           0.00 |             0.000 |           0.00 |           0:00 |     0     0     0     0 |
|   IOTA/USDT |      0 |           0.00 |           0.00 |             0.000 |           0.00 |           0:00 |     0     0     0     0 |
|   KAVA/USDT |      0 |           0.00 |           0.00 |             0.000 |           0.00 |           0:00 |     0     0     0     0 |
|   LINK/USDT |      0 |           0.00 |           0.00 |             0.000 |           0.00 |           0:00 |     0     0     0     0 |
|    LTC/USDT |      0 |           0.00 |           0.00 |             0.000 |           0.00 |           0:00 |     0     0     0     0 |
|   MANA/USDT |      0 |           0.00 |           0.00 |             0.000 |           0.00 |           0:00 |     0     0     0     0 |
|    NEO/USDT |      0 |           0.00 |           0.00 |             0.000 |           0.00 |           0:00 |     0     0     0     0 |
|    ONT/USDT |      0 |           0.00 |           0.00 |             0.000 |           0.00 |           0:00 |     0     0     0     0 |
|   REEF/USDT |      0 |           0.00 |           0.00 |             0.000 |           0.00 |           0:00 |     0     0     0     0 |
|   RUNE/USDT |      0 |           0.00 |           0.00 |             0.000 |           0.00 |           0:00 |     0     0     0     0 |
|    RVN/USDT |      0 |           0.00 |           0.00 |             0.000 |           0.00 |           0:00 |     0     0     0     0 |
|     SC/USDT |      0 |           0.00 |           0.00 |             0.000 |           0.00 |           0:00 |     0     0     0     0 |
|    SKL/USDT |      0 |           0.00 |           0.00 |             0.000 |           0.00 |           0:00 |     0     0     0     0 |
|   STMX/USDT |      0 |           0.00 |           0.00 |             0.000 |           0.00 |           0:00 |     0     0     0     0 |
|    TRX/USDT |      0 |           0.00 |           0.00 |             0.000 |           0.00 |           0:00 |     0     0     0     0 |
|    UNI/USDT |      0 |           0.00 |           0.00 |             0.000 |           0.00 |           0:00 |     0     0     0     0 |
|    VET/USDT |      0 |           0.00 |           0.00 |             0.000 |           0.00 |           0:00 |     0     0     0     0 |
|    WIN/USDT |      0 |           0.00 |           0.00 |             0.000 |           0.00 |           0:00 |     0     0     0     0 |
|    XEM/USDT |      0 |           0.00 |           0.00 |             0.000 |           0.00 |           0:00 |     0     0     0     0 |
|    XLM/USDT |      0 |           0.00 |           0.00 |             0.000 |           0.00 |           0:00 |     0     0     0     0 |
|    XMR/USDT |      0 |           0.00 |           0.00 |             0.000 |           0.00 |           0:00 |     0     0     0     0 |
|    XRP/USDT |      0 |           0.00 |           0.00 |             0.000 |           0.00 |           0:00 |     0     0     0     0 |
|    XTZ/USDT |      0 |           0.00 |           0.00 |             0.000 |           0.00 |           0:00 |     0     0     0     0 |
|    YFI/USDT |      0 |           0.00 |           0.00 |             0.000 |           0.00 |           0:00 |     0     0     0     0 |
|    ZEC/USDT |      0 |           0.00 |           0.00 |             0.000 |           0.00 |           0:00 |     0     0     0     0 |
|    ZIL/USDT |      0 |           0.00 |           0.00 |             0.000 |           0.00 |           0:00 |     0     0     0     0 |
|    ZRX/USDT |      0 |           0.00 |           0.00 |             0.000 |           0.00 |           0:00 |     0     0     0     0 |
|    MIR/USDT |      0 |           0.00 |           0.00 |             0.000 |           0.00 |           0:00 |     0     0     0     0 |
|  MATIC/USDT |      3 |          -0.60 |          -1.81 |            -9.948 |          -0.99 |        1:32:00 |     2     0     1  66.7 |
|   DATA/USDT |      6 |          -0.11 |          -0.66 |           -10.800 |          -1.08 |        1:00:00 |     5     0     1  83.3 |
|    XVS/USDT |      4 |          -1.44 |          -5.78 |           -49.504 |          -4.95 |        2:38:00 |     3     0     1  75.0 |
|    ATM/USDT |     17 |          -0.57 |          -9.67 |          -158.482 |         -15.85 |        1:19:00 |    15     0     2  88.2 |
|       TOTAL |    211 |           1.14 |         241.51 |          2208.202 |         220.82 |        0:40:00 |   204     0     7  96.7 |
===================================================== SELL REASON STATS =====================================================
|   Sell Reason |   Sells |   Win  Draws  Loss  Win% |   Avg Profit % |   Cum Profit % |   Tot Profit USDT |   Tot Profit % |
|---------------+---------+--------------------------+----------------+----------------+-------------------+----------------|
|           roi |     203 |    203     0     0   100 |           1.56 |         316.8  |          2900.86  |         158.4  |
|   sell_signal |       8 |      1     0     7  12.5 |          -9.41 |         -75.28 |          -692.656 |         -37.64 |
====================================================== LEFT OPEN TRADES REPORT ======================================================
|   Pair |   Buys |   Avg Profit % |   Cum Profit % |   Tot Profit USDT |   Tot Profit % |   Avg Duration |   Win  Draw  Loss  Win% |
|--------+--------+----------------+----------------+-------------------+----------------+----------------+-------------------------|
|  TOTAL |      0 |           0.00 |           0.00 |             0.000 |           0.00 |           0:00 |     0     0     0     0 |
=============== SUMMARY METRICS ===============
| Metric                | Value               |
|-----------------------+---------------------|
| Backtesting from      | 2021-05-01 00:00:00 |
| Backtesting to        | 2021-06-25 16:45:00 |
| Max open trades       | 2                   |
|                       |                     |
| Total trades          | 211                 |
| Starting balance      | 1000.000 USDT       |
| Final balance         | 3208.202 USDT       |
| Absolute profit       | 2208.202 USDT       |
| Total profit %        | 220.82%             |
| Trades per day        | 3.84                |
| Avg. stake amount     | 932.324 USDT        |
| Total trade volume    | 196720.426 USDT     |
|                       |                     |
| Best Pair             | DENT/USDT 18.69%    |
| Worst Pair            | ATM/USDT -9.67%     |
| Best trade            | DENT/USDT 18.69%    |
| Worst trade           | ATM/USDT -19.64%    |
| Best day              | 349.794 USDT        |
| Worst day             | -141.575 USDT       |
| Days win/draw/lose    | 39 / 9 / 3          |
| Avg. Duration Winners | 0:32:00             |
| Avg. Duration Loser   | 4:34:00             |
| Zero Duration Trades  | 0.00% (0)           |
| Rejected Buy signals  | 36469               |
|                       |                     |
| Min balance           | 1008.584 USDT       |
| Max balance           | 3208.202 USDT       |
| Drawdown              | 29.33%              |
| Drawdown              | 299.794 USDT        |
| Drawdown high         | 1141.572 USDT       |
| Drawdown low          | 841.778 USDT        |
| Drawdown Start        | 2021-05-22 07:30:00 |
| Drawdown End          | 2021-05-23 09:45:00 |
| Market change         | -55.37%             |
===============================================

============================================================================== STRATEGY SUMMARY =============================================================================
|               Strategy |   Buys |   Avg Profit % |   Cum Profit % |   Tot Profit USDT |   Tot Profit % |   Avg Duration |   Win  Draw  Loss  Win% |              Drawdown |
|------------------------+--------+----------------+----------------+-------------------+----------------+----------------+-------------------------+-----------------------|
|                 BigZ03 |    268 |           1.18 |         316.84 |          3694.972 |         369.50 |        1:36:00 |   255     0    13  95.1 |  252.201 USDT  14.20% |
| NostalgiaForInfinityV5 |    154 |           3.92 |         603.68 |         16900.173 |        1690.02 |        3:46:00 |   147     0     7  95.5 | 1895.109 USDT  21.16% |
|       SMAOffsetProtect |    211 |           1.14 |         241.51 |          2208.202 |         220.82 |        0:40:00 |   204     0     7  96.7 |  299.794 USDT  29.33% |
=============================================================================================================================================================================

For more details, please look at the detail tables above
