Result for strategy BigZ03
=========================================================== BACKTESTING REPORT ===========================================================
|        Pair |   Buys |   Avg Profit % |   Cum Profit % |   Tot Profit USDT |   Tot Profit % |   Avg Duration |   Win  Draw  Loss  Win% |
|-------------+--------+----------------+----------------+-------------------+----------------+----------------+-------------------------|
|  TFUEL/USDT |      5 |           2.27 |          11.37 |            65.949 |           6.59 |        0:16:00 |     5     0     0   100 |
|   DOGE/USDT |      4 |           1.47 |           5.89 |            36.440 |           3.64 |        0:24:00 |     4     0     0   100 |
|    CKB/USDT |      3 |           1.51 |           4.52 |            27.027 |           2.70 |        1:03:00 |     3     0     0   100 |
|    DOT/USDT |      2 |           1.80 |           3.60 |            21.220 |           2.12 |        0:20:00 |     2     0     0   100 |
|   ANKR/USDT |      2 |           1.65 |           3.30 |            21.073 |           2.11 |        0:40:00 |     2     0     0   100 |
|    MIR/USDT |      2 |           1.80 |           3.60 |            20.575 |           2.06 |       19:50:00 |     2     0     0   100 |
|   STPT/USDT |      2 |           1.65 |           3.30 |            18.876 |           1.89 |        0:42:00 |     2     0     0   100 |
|   DATA/USDT |      5 |           0.62 |           3.10 |            17.915 |           1.79 |        0:24:00 |     4     0     1  80.0 |
|    BTG/USDT |      3 |           0.93 |           2.80 |            16.695 |           1.67 |        1:13:00 |     3     0     0   100 |
|   DENT/USDT |      2 |           1.15 |           2.30 |            14.822 |           1.48 |        0:32:00 |     2     0     0   100 |
|    CRV/USDT |      2 |           1.26 |           2.52 |            13.681 |           1.37 |        0:30:00 |     2     0     0   100 |
|   CTSI/USDT |      2 |           1.15 |           2.30 |            13.211 |           1.32 |        2:25:00 |     2     0     0   100 |
|    KSM/USDT |      2 |           1.15 |           2.30 |            12.899 |           1.29 |        0:30:00 |     2     0     0   100 |
|  BTCST/USDT |      2 |           1.17 |           2.33 |            12.865 |           1.29 |        0:25:00 |     2     0     0   100 |
|    TKO/USDT |      2 |           1.15 |           2.30 |            12.309 |           1.23 |        0:25:00 |     2     0     0   100 |
|    ATM/USDT |      1 |           1.80 |           1.80 |            11.969 |           1.20 |        0:10:00 |     1     0     0   100 |
|    ZRX/USDT |      1 |           1.80 |           1.80 |            11.864 |           1.19 |        0:15:00 |     1     0     0   100 |
|   BAKE/USDT |      1 |           1.80 |           1.80 |            11.570 |           1.16 |        0:25:00 |     1     0     0   100 |
|    RVN/USDT |      1 |           1.80 |           1.80 |            11.311 |           1.13 |        4:05:00 |     1     0     0   100 |
|  SUSHI/USDT |      1 |           1.80 |           1.80 |            10.494 |           1.05 |        5:05:00 |     1     0     0   100 |
|    AVA/USDT |      2 |           0.79 |           1.58 |             9.888 |           0.99 |        0:40:00 |     2     0     0   100 |
|  AUDIO/USDT |      1 |           1.38 |           1.38 |             8.271 |           0.83 |        0:40:00 |     1     0     0   100 |
|    ONE/USDT |      1 |           1.20 |           1.20 |             7.254 |           0.73 |        0:40:00 |     1     0     0   100 |
|  THETA/USDT |      1 |           1.27 |           1.27 |             6.509 |           0.65 |        0:40:00 |     1     0     0   100 |
|   POND/USDT |      2 |           0.50 |           1.00 |             6.065 |           0.61 |        1:18:00 |     2     0     0   100 |
|   IOTX/USDT |      3 |           0.27 |           0.80 |             4.466 |           0.45 |       14:12:00 |     2     0     1  66.7 |
|   IOST/USDT |      1 |           0.50 |           0.50 |             3.419 |           0.34 |        0:45:00 |     1     0     0   100 |
|    MKR/USDT |      1 |           0.50 |           0.50 |             3.411 |           0.34 |        1:05:00 |     1     0     0   100 |
|   HBAR/USDT |      1 |           0.50 |           0.50 |             3.265 |           0.33 |        0:40:00 |     1     0     0   100 |
|    STX/USDT |      1 |           0.50 |           0.50 |             3.198 |           0.32 |        0:50:00 |     1     0     0   100 |
|    CHZ/USDT |      1 |           0.50 |           0.50 |             3.056 |           0.31 |        0:55:00 |     1     0     0   100 |
|    SXP/USDT |      1 |           0.50 |           0.50 |             3.056 |           0.31 |        2:10:00 |     1     0     0   100 |
|    ADA/USDT |      1 |           0.58 |           0.58 |             3.038 |           0.30 |        0:40:00 |     1     0     0   100 |
|    ZIL/USDT |      1 |           0.50 |           0.50 |             3.031 |           0.30 |        2:10:00 |     1     0     0   100 |
|   AAVE/USDT |      1 |           0.50 |           0.50 |             3.003 |           0.30 |        0:40:00 |     1     0     0   100 |
|    SLP/USDT |      1 |           0.50 |           0.50 |             2.901 |           0.29 |        0:50:00 |     1     0     0   100 |
|    TLM/USDT |      1 |           0.50 |           0.50 |             2.901 |           0.29 |        0:50:00 |     1     0     0   100 |
|    EOS/USDT |      1 |           0.50 |           0.50 |             2.639 |           0.26 |        1:10:00 |     1     0     0   100 |
|   DASH/USDT |      1 |           0.50 |           0.50 |             2.639 |           0.26 |        1:10:00 |     1     0     0   100 |
|   COMP/USDT |      1 |           0.50 |           0.50 |             2.609 |           0.26 |        0:45:00 |     1     0     0   100 |
|    ONT/USDT |      1 |           0.50 |           0.50 |             2.554 |           0.26 |        1:20:00 |     1     0     0   100 |
|    WRX/USDT |      1 |           0.50 |           0.50 |             2.481 |           0.25 |        1:15:00 |     1     0     0   100 |
|   AION/USDT |      0 |           0.00 |           0.00 |             0.000 |           0.00 |           0:00 |     0     0     0     0 |
|   ALGO/USDT |      0 |           0.00 |           0.00 |             0.000 |           0.00 |           0:00 |     0     0     0     0 |
|  ALICE/USDT |      0 |           0.00 |           0.00 |             0.000 |           0.00 |           0:00 |     0     0     0     0 |
|   ATOM/USDT |      0 |           0.00 |           0.00 |             0.000 |           0.00 |           0:00 |     0     0     0     0 |
|   AVAX/USDT |      0 |           0.00 |           0.00 |             0.000 |           0.00 |           0:00 |     0     0     0     0 |
|    AXS/USDT |      0 |           0.00 |           0.00 |             0.000 |           0.00 |           0:00 |     0     0     0     0 |
|    BAT/USDT |      0 |           0.00 |           0.00 |             0.000 |           0.00 |           0:00 |     0     0     0     0 |
|    BCH/USDT |      0 |           0.00 |           0.00 |             0.000 |           0.00 |           0:00 |     0     0     0     0 |
|    BTC/USDT |      0 |           0.00 |           0.00 |             0.000 |           0.00 |           0:00 |     0     0     0     0 |
|    BTT/USDT |      0 |           0.00 |           0.00 |             0.000 |           0.00 |           0:00 |     0     0     0     0 |
| BURGER/USDT |      0 |           0.00 |           0.00 |             0.000 |           0.00 |           0:00 |     0     0     0     0 |
|   CAKE/USDT |      0 |           0.00 |           0.00 |             0.000 |           0.00 |           0:00 |     0     0     0     0 |
|   CELR/USDT |      0 |           0.00 |           0.00 |             0.000 |           0.00 |           0:00 |     0     0     0     0 |
|    CHR/USDT |      0 |           0.00 |           0.00 |             0.000 |           0.00 |           0:00 |     0     0     0     0 |
|    DGB/USDT |      0 |           0.00 |           0.00 |             0.000 |           0.00 |           0:00 |     0     0     0     0 |
|   DODO/USDT |      0 |           0.00 |           0.00 |             0.000 |           0.00 |           0:00 |     0     0     0     0 |
|   EGLD/USDT |      0 |           0.00 |           0.00 |             0.000 |           0.00 |           0:00 |     0     0     0     0 |
|    ENJ/USDT |      0 |           0.00 |           0.00 |             0.000 |           0.00 |           0:00 |     0     0     0     0 |
|    ETC/USDT |      0 |           0.00 |           0.00 |             0.000 |           0.00 |           0:00 |     0     0     0     0 |
|    ETH/USDT |      0 |           0.00 |           0.00 |             0.000 |           0.00 |           0:00 |     0     0     0     0 |
|    FIL/USDT |      0 |           0.00 |           0.00 |             0.000 |           0.00 |           0:00 |     0     0     0     0 |
|    FTM/USDT |      0 |           0.00 |           0.00 |             0.000 |           0.00 |           0:00 |     0     0     0     0 |
|    GRT/USDT |      0 |           0.00 |           0.00 |             0.000 |           0.00 |           0:00 |     0     0     0     0 |
|    GXS/USDT |      0 |           0.00 |           0.00 |             0.000 |           0.00 |           0:00 |     0     0     0     0 |
|    HOT/USDT |      0 |           0.00 |           0.00 |             0.000 |           0.00 |           0:00 |     0     0     0     0 |
|   IOTA/USDT |      0 |           0.00 |           0.00 |             0.000 |           0.00 |           0:00 |     0     0     0     0 |
|   KAVA/USDT |      0 |           0.00 |           0.00 |             0.000 |           0.00 |           0:00 |     0     0     0     0 |
|   LINK/USDT |      0 |           0.00 |           0.00 |             0.000 |           0.00 |           0:00 |     0     0     0     0 |
|    LTC/USDT |      0 |           0.00 |           0.00 |             0.000 |           0.00 |           0:00 |     0     0     0     0 |
|   LUNA/USDT |      0 |           0.00 |           0.00 |             0.000 |           0.00 |           0:00 |     0     0     0     0 |
|   MANA/USDT |      0 |           0.00 |           0.00 |             0.000 |           0.00 |           0:00 |     0     0     0     0 |
|  MATIC/USDT |      0 |           0.00 |           0.00 |             0.000 |           0.00 |           0:00 |     0     0     0     0 |
|    MTL/USDT |      0 |           0.00 |           0.00 |             0.000 |           0.00 |           0:00 |     0     0     0     0 |
|    NEO/USDT |      0 |           0.00 |           0.00 |             0.000 |           0.00 |           0:00 |     0     0     0     0 |
|    NKN/USDT |      0 |           0.00 |           0.00 |             0.000 |           0.00 |           0:00 |     0     0     0     0 |
|    NMR/USDT |      0 |           0.00 |           0.00 |             0.000 |           0.00 |           0:00 |     0     0     0     0 |
|    OMG/USDT |      0 |           0.00 |           0.00 |             0.000 |           0.00 |           0:00 |     0     0     0     0 |
|    ONG/USDT |      0 |           0.00 |           0.00 |             0.000 |           0.00 |           0:00 |     0     0     0     0 |
|    PNT/USDT |      0 |           0.00 |           0.00 |             0.000 |           0.00 |           0:00 |     0     0     0     0 |
|   QTUM/USDT |      0 |           0.00 |           0.00 |             0.000 |           0.00 |           0:00 |     0     0     0     0 |
|   REEF/USDT |      0 |           0.00 |           0.00 |             0.000 |           0.00 |           0:00 |     0     0     0     0 |
|    RLC/USDT |      0 |           0.00 |           0.00 |             0.000 |           0.00 |           0:00 |     0     0     0     0 |
|   RUNE/USDT |      0 |           0.00 |           0.00 |             0.000 |           0.00 |           0:00 |     0     0     0     0 |
|     SC/USDT |      0 |           0.00 |           0.00 |             0.000 |           0.00 |           0:00 |     0     0     0     0 |
|    SKL/USDT |      0 |           0.00 |           0.00 |             0.000 |           0.00 |           0:00 |     0     0     0     0 |
|    SNX/USDT |      0 |           0.00 |           0.00 |             0.000 |           0.00 |           0:00 |     0     0     0     0 |
|    SOL/USDT |      0 |           0.00 |           0.00 |             0.000 |           0.00 |           0:00 |     0     0     0     0 |
|   STMX/USDT |      0 |           0.00 |           0.00 |             0.000 |           0.00 |           0:00 |     0     0     0     0 |
|    TRX/USDT |      0 |           0.00 |           0.00 |             0.000 |           0.00 |           0:00 |     0     0     0     0 |
|    TWT/USDT |      0 |           0.00 |           0.00 |             0.000 |           0.00 |           0:00 |     0     0     0     0 |
|    UNI/USDT |      0 |           0.00 |           0.00 |             0.000 |           0.00 |           0:00 |     0     0     0     0 |
|    VET/USDT |      0 |           0.00 |           0.00 |             0.000 |           0.00 |           0:00 |     0     0     0     0 |
|  WAVES/USDT |      0 |           0.00 |           0.00 |             0.000 |           0.00 |           0:00 |     0     0     0     0 |
|    WIN/USDT |      0 |           0.00 |           0.00 |             0.000 |           0.00 |           0:00 |     0     0     0     0 |
|    XEM/USDT |      0 |           0.00 |           0.00 |             0.000 |           0.00 |           0:00 |     0     0     0     0 |
|    XLM/USDT |      0 |           0.00 |           0.00 |             0.000 |           0.00 |           0:00 |     0     0     0     0 |
|    XMR/USDT |      0 |           0.00 |           0.00 |             0.000 |           0.00 |           0:00 |     0     0     0     0 |
|    XRP/USDT |      0 |           0.00 |           0.00 |             0.000 |           0.00 |           0:00 |     0     0     0     0 |
|    XTZ/USDT |      0 |           0.00 |           0.00 |             0.000 |           0.00 |           0:00 |     0     0     0     0 |
|    XVS/USDT |      0 |           0.00 |           0.00 |             0.000 |           0.00 |           0:00 |     0     0     0     0 |
|    YFI/USDT |      0 |           0.00 |           0.00 |             0.000 |           0.00 |           0:00 |     0     0     0     0 |
|    ZEC/USDT |      0 |           0.00 |           0.00 |             0.000 |           0.00 |           0:00 |     0     0     0     0 |
|    ZEN/USDT |      0 |           0.00 |           0.00 |             0.000 |           0.00 |           0:00 |     0     0     0     0 |
|    DNT/USDT |      0 |           0.00 |           0.00 |             0.000 |           0.00 |           0:00 |     0     0     0     0 |
|   PERL/USDT |      1 |          -4.92 |          -4.92 |           -26.038 |          -2.60 |        3:50:00 |     0     0     1     0 |
|     AR/USDT |      2 |          -4.38 |          -8.77 |           -64.900 |          -6.49 |        0:45:00 |     1     0     1  50.0 |
|       TOTAL |     74 |           0.89 |          66.11 |           381.480 |          38.15 |        1:58:00 |    70     0     4  94.6 |
======================================================= SELL REASON STATS ========================================================
|        Sell Reason |   Sells |   Win  Draws  Loss  Win% |   Avg Profit % |   Cum Profit % |   Tot Profit USDT |   Tot Profit % |
|--------------------+---------+--------------------------+----------------+----------------+-------------------+----------------|
|                roi |      70 |     70     0     0   100 |           1.27 |          88.78 |           525.908 |          44.39 |
| trailing_stop_loss |       4 |      0     0     4     0 |          -5.67 |         -22.67 |          -144.429 |         -11.34 |
====================================================== LEFT OPEN TRADES REPORT ======================================================
|   Pair |   Buys |   Avg Profit % |   Cum Profit % |   Tot Profit USDT |   Tot Profit % |   Avg Duration |   Win  Draw  Loss  Win% |
|--------+--------+----------------+----------------+-------------------+----------------+----------------+-------------------------|
|  TOTAL |      0 |           0.00 |           0.00 |             0.000 |           0.00 |           0:00 |     0     0     0     0 |
=============== SUMMARY METRICS ===============
| Metric                | Value               |
|-----------------------+---------------------|
| Backtesting from      | 2021-06-01 00:00:00 |
| Backtesting to        | 2021-06-25 16:45:00 |
| Max open trades       | 2                   |
|                       |                     |
| Total trades          | 74                  |
| Starting balance      | 1000.000 USDT       |
| Final balance         | 1381.480 USDT       |
| Absolute profit       | 381.480 USDT        |
| Total profit %        | 38.15%              |
| Trades per day        | 3.08                |
| Avg. stake amount     | 591.318 USDT        |
| Total trade volume    | 43757.542 USDT      |
|                       |                     |
| Best Pair             | TFUEL/USDT 11.37%   |
| Worst Pair            | AR/USDT -8.77%      |
| Best trade            | TFUEL/USDT 2.8%     |
| Worst trade           | AR/USDT -10.57%     |
| Best day              | 90.169 USDT         |
| Worst day             | -39.064 USDT        |
| Days win/draw/lose    | 18 / 3 / 3          |
| Avg. Duration Winners | 1:55:00             |
| Avg. Duration Loser   | 2:44:00             |
| Zero Duration Trades  | 0.00% (0)           |
| Rejected Buy signals  | 32402               |
|                       |                     |
| Min balance           | 1002.475 USDT       |
| Max balance           | 1417.461 USDT       |
| Drawdown              | 10.57%              |
| Drawdown              | 74.209 USDT         |
| Drawdown high         | 417.461 USDT        |
| Drawdown low          | 343.252 USDT        |
| Drawdown Start        | 2021-06-22 13:55:00 |
| Drawdown End          | 2021-06-22 20:15:00 |
| Market change         | -30.12%             |
===============================================

Result for strategy NostalgiaForInfinityV5
=========================================================== BACKTESTING REPORT ===========================================================
|        Pair |   Buys |   Avg Profit % |   Cum Profit % |   Tot Profit USDT |   Tot Profit % |   Avg Duration |   Win  Draw  Loss  Win% |
|-------------+--------+----------------+----------------+-------------------+----------------+----------------+-------------------------|
|   DATA/USDT |      3 |           6.55 |          19.66 |           126.148 |          12.61 |        5:03:00 |     3     0     0   100 |
|    GXS/USDT |      2 |          11.86 |          23.72 |           123.859 |          12.39 |       16:15:00 |     2     0     0   100 |
|    BTG/USDT |      1 |          17.36 |          17.36 |           102.722 |          10.27 |       11:55:00 |     1     0     0   100 |
|   STPT/USDT |      3 |           3.65 |          10.96 |            79.034 |           7.90 |        0:33:00 |     3     0     0   100 |
|   DOGE/USDT |      1 |           6.75 |           6.75 |            56.701 |           5.67 |        3:05:00 |     1     0     0   100 |
|  TFUEL/USDT |      4 |           2.17 |           8.69 |            56.508 |           5.65 |        3:14:00 |     4     0     0   100 |
|     AR/USDT |      5 |           1.53 |           7.64 |            53.014 |           5.30 |        3:04:00 |     4     0     1  80.0 |
|    KSM/USDT |      1 |           9.25 |           9.25 |            45.828 |           4.58 | 1 day, 3:30:00 |     1     0     0   100 |
|  ALICE/USDT |      1 |           5.30 |           5.30 |            42.987 |           4.30 |        4:55:00 |     1     0     0   100 |
|   PERL/USDT |      4 |           0.96 |           3.84 |            34.856 |           3.49 |        5:49:00 |     3     0     1  75.0 |
|   RUNE/USDT |      2 |           1.84 |           3.68 |            31.260 |           3.13 |        0:32:00 |     2     0     0   100 |
|    SOL/USDT |      2 |           1.84 |           3.68 |            29.371 |           2.94 |        0:12:00 |     2     0     0   100 |
|    AVA/USDT |      1 |           3.39 |           3.39 |            26.477 |           2.65 |        5:05:00 |     1     0     0   100 |
|    SLP/USDT |      1 |           3.37 |           3.37 |            25.573 |           2.56 |        2:30:00 |     1     0     0   100 |
|    ATM/USDT |      1 |           3.23 |           3.23 |            23.104 |           2.31 |        1:25:00 |     1     0     0   100 |
|    WRX/USDT |      1 |           2.34 |           2.34 |            16.403 |           1.64 |        0:20:00 |     1     0     0   100 |
|    CKB/USDT |      1 |           2.59 |           2.59 |            15.237 |           1.52 |        0:20:00 |     1     0     0   100 |
|    FIL/USDT |      1 |           2.02 |           2.02 |            12.088 |           1.21 |        0:50:00 |     1     0     0   100 |
|    CHR/USDT |      1 |           1.36 |           1.36 |            10.574 |           1.06 |       22:35:00 |     1     0     0   100 |
|    FTM/USDT |      1 |           0.97 |           0.97 |             7.539 |           0.75 |        1:00:00 |     1     0     0   100 |
|    DGB/USDT |      1 |           1.24 |           1.24 |             7.173 |           0.72 |        0:05:00 |     1     0     0   100 |
|   AAVE/USDT |      0 |           0.00 |           0.00 |             0.000 |           0.00 |           0:00 |     0     0     0     0 |
|    ADA/USDT |      0 |           0.00 |           0.00 |             0.000 |           0.00 |           0:00 |     0     0     0     0 |
|   AION/USDT |      0 |           0.00 |           0.00 |             0.000 |           0.00 |           0:00 |     0     0     0     0 |
|   ALGO/USDT |      0 |           0.00 |           0.00 |             0.000 |           0.00 |           0:00 |     0     0     0     0 |
|   ANKR/USDT |      0 |           0.00 |           0.00 |             0.000 |           0.00 |           0:00 |     0     0     0     0 |
|   ATOM/USDT |      0 |           0.00 |           0.00 |             0.000 |           0.00 |           0:00 |     0     0     0     0 |
|  AUDIO/USDT |      0 |           0.00 |           0.00 |             0.000 |           0.00 |           0:00 |     0     0     0     0 |
|   AVAX/USDT |      0 |           0.00 |           0.00 |             0.000 |           0.00 |           0:00 |     0     0     0     0 |
|    AXS/USDT |      0 |           0.00 |           0.00 |             0.000 |           0.00 |           0:00 |     0     0     0     0 |
|   BAKE/USDT |      0 |           0.00 |           0.00 |             0.000 |           0.00 |           0:00 |     0     0     0     0 |
|    BAT/USDT |      0 |           0.00 |           0.00 |             0.000 |           0.00 |           0:00 |     0     0     0     0 |
|    BCH/USDT |      0 |           0.00 |           0.00 |             0.000 |           0.00 |           0:00 |     0     0     0     0 |
|    BTC/USDT |      0 |           0.00 |           0.00 |             0.000 |           0.00 |           0:00 |     0     0     0     0 |
|  BTCST/USDT |      0 |           0.00 |           0.00 |             0.000 |           0.00 |           0:00 |     0     0     0     0 |
|    BTT/USDT |      0 |           0.00 |           0.00 |             0.000 |           0.00 |           0:00 |     0     0     0     0 |
| BURGER/USDT |      0 |           0.00 |           0.00 |             0.000 |           0.00 |           0:00 |     0     0     0     0 |
|   CAKE/USDT |      0 |           0.00 |           0.00 |             0.000 |           0.00 |           0:00 |     0     0     0     0 |
|   CELR/USDT |      0 |           0.00 |           0.00 |             0.000 |           0.00 |           0:00 |     0     0     0     0 |
|    CHZ/USDT |      0 |           0.00 |           0.00 |             0.000 |           0.00 |           0:00 |     0     0     0     0 |
|   COMP/USDT |      0 |           0.00 |           0.00 |             0.000 |           0.00 |           0:00 |     0     0     0     0 |
|    CRV/USDT |      0 |           0.00 |           0.00 |             0.000 |           0.00 |           0:00 |     0     0     0     0 |
|   CTSI/USDT |      0 |           0.00 |           0.00 |             0.000 |           0.00 |           0:00 |     0     0     0     0 |
|   DASH/USDT |      0 |           0.00 |           0.00 |             0.000 |           0.00 |           0:00 |     0     0     0     0 |
|   DENT/USDT |      0 |           0.00 |           0.00 |             0.000 |           0.00 |           0:00 |     0     0     0     0 |
|   DODO/USDT |      0 |           0.00 |           0.00 |             0.000 |           0.00 |           0:00 |     0     0     0     0 |
|    DOT/USDT |      0 |           0.00 |           0.00 |             0.000 |           0.00 |           0:00 |     0     0     0     0 |
|   EGLD/USDT |      0 |           0.00 |           0.00 |             0.000 |           0.00 |           0:00 |     0     0     0     0 |
|    ENJ/USDT |      0 |           0.00 |           0.00 |             0.000 |           0.00 |           0:00 |     0     0     0     0 |
|    EOS/USDT |      0 |           0.00 |           0.00 |             0.000 |           0.00 |           0:00 |     0     0     0     0 |
|    ETC/USDT |      0 |           0.00 |           0.00 |             0.000 |           0.00 |           0:00 |     0     0     0     0 |
|    ETH/USDT |      0 |           0.00 |           0.00 |             0.000 |           0.00 |           0:00 |     0     0     0     0 |
|    GRT/USDT |      0 |           0.00 |           0.00 |             0.000 |           0.00 |           0:00 |     0     0     0     0 |
|   HBAR/USDT |      0 |           0.00 |           0.00 |             0.000 |           0.00 |           0:00 |     0     0     0     0 |
|    HOT/USDT |      0 |           0.00 |           0.00 |             0.000 |           0.00 |           0:00 |     0     0     0     0 |
|   IOST/USDT |      0 |           0.00 |           0.00 |             0.000 |           0.00 |           0:00 |     0     0     0     0 |
|   IOTA/USDT |      0 |           0.00 |           0.00 |             0.000 |           0.00 |           0:00 |     0     0     0     0 |
|   IOTX/USDT |      0 |           0.00 |           0.00 |             0.000 |           0.00 |           0:00 |     0     0     0     0 |
|   KAVA/USDT |      0 |           0.00 |           0.00 |             0.000 |           0.00 |           0:00 |     0     0     0     0 |
|   LINK/USDT |      0 |           0.00 |           0.00 |             0.000 |           0.00 |           0:00 |     0     0     0     0 |
|    LTC/USDT |      0 |           0.00 |           0.00 |             0.000 |           0.00 |           0:00 |     0     0     0     0 |
|   MANA/USDT |      0 |           0.00 |           0.00 |             0.000 |           0.00 |           0:00 |     0     0     0     0 |
|  MATIC/USDT |      0 |           0.00 |           0.00 |             0.000 |           0.00 |           0:00 |     0     0     0     0 |
|    MKR/USDT |      0 |           0.00 |           0.00 |             0.000 |           0.00 |           0:00 |     0     0     0     0 |
|    MTL/USDT |      0 |           0.00 |           0.00 |             0.000 |           0.00 |           0:00 |     0     0     0     0 |
|    NEO/USDT |      0 |           0.00 |           0.00 |             0.000 |           0.00 |           0:00 |     0     0     0     0 |
|    NKN/USDT |      0 |           0.00 |           0.00 |             0.000 |           0.00 |           0:00 |     0     0     0     0 |
|    NMR/USDT |      0 |           0.00 |           0.00 |             0.000 |           0.00 |           0:00 |     0     0     0     0 |
|    OMG/USDT |      0 |           0.00 |           0.00 |             0.000 |           0.00 |           0:00 |     0     0     0     0 |
|    ONG/USDT |      0 |           0.00 |           0.00 |             0.000 |           0.00 |           0:00 |     0     0     0     0 |
|    ONE/USDT |      0 |           0.00 |           0.00 |             0.000 |           0.00 |           0:00 |     0     0     0     0 |
|    ONT/USDT |      0 |           0.00 |           0.00 |             0.000 |           0.00 |           0:00 |     0     0     0     0 |
|    PNT/USDT |      0 |           0.00 |           0.00 |             0.000 |           0.00 |           0:00 |     0     0     0     0 |
|   POND/USDT |      0 |           0.00 |           0.00 |             0.000 |           0.00 |           0:00 |     0     0     0     0 |
|   QTUM/USDT |      0 |           0.00 |           0.00 |             0.000 |           0.00 |           0:00 |     0     0     0     0 |
|   REEF/USDT |      0 |           0.00 |           0.00 |             0.000 |           0.00 |           0:00 |     0     0     0     0 |
|    RLC/USDT |      0 |           0.00 |           0.00 |             0.000 |           0.00 |           0:00 |     0     0     0     0 |
|    RVN/USDT |      0 |           0.00 |           0.00 |             0.000 |           0.00 |           0:00 |     0     0     0     0 |
|    SKL/USDT |      0 |           0.00 |           0.00 |             0.000 |           0.00 |           0:00 |     0     0     0     0 |
|    SNX/USDT |      0 |           0.00 |           0.00 |             0.000 |           0.00 |           0:00 |     0     0     0     0 |
|   STMX/USDT |      0 |           0.00 |           0.00 |             0.000 |           0.00 |           0:00 |     0     0     0     0 |
|    STX/USDT |      0 |           0.00 |           0.00 |             0.000 |           0.00 |           0:00 |     0     0     0     0 |
|  SUSHI/USDT |      0 |           0.00 |           0.00 |             0.000 |           0.00 |           0:00 |     0     0     0     0 |
|    SXP/USDT |      0 |           0.00 |           0.00 |             0.000 |           0.00 |           0:00 |     0     0     0     0 |
|  THETA/USDT |      0 |           0.00 |           0.00 |             0.000 |           0.00 |           0:00 |     0     0     0     0 |
|    TKO/USDT |      0 |           0.00 |           0.00 |             0.000 |           0.00 |           0:00 |     0     0     0     0 |
|    TLM/USDT |      0 |           0.00 |           0.00 |             0.000 |           0.00 |           0:00 |     0     0     0     0 |
|    TRX/USDT |      0 |           0.00 |           0.00 |             0.000 |           0.00 |           0:00 |     0     0     0     0 |
|    TWT/USDT |      0 |           0.00 |           0.00 |             0.000 |           0.00 |           0:00 |     0     0     0     0 |
|    UNI/USDT |      0 |           0.00 |           0.00 |             0.000 |           0.00 |           0:00 |     0     0     0     0 |
|    VET/USDT |      0 |           0.00 |           0.00 |             0.000 |           0.00 |           0:00 |     0     0     0     0 |
|  WAVES/USDT |      0 |           0.00 |           0.00 |             0.000 |           0.00 |           0:00 |     0     0     0     0 |
|    WIN/USDT |      0 |           0.00 |           0.00 |             0.000 |           0.00 |           0:00 |     0     0     0     0 |
|    XEM/USDT |      0 |           0.00 |           0.00 |             0.000 |           0.00 |           0:00 |     0     0     0     0 |
|    XLM/USDT |      0 |           0.00 |           0.00 |             0.000 |           0.00 |           0:00 |     0     0     0     0 |
|    XMR/USDT |      0 |           0.00 |           0.00 |             0.000 |           0.00 |           0:00 |     0     0     0     0 |
|    XRP/USDT |      0 |           0.00 |           0.00 |             0.000 |           0.00 |           0:00 |     0     0     0     0 |
|    XTZ/USDT |      0 |           0.00 |           0.00 |             0.000 |           0.00 |           0:00 |     0     0     0     0 |
|    XVS/USDT |      0 |           0.00 |           0.00 |             0.000 |           0.00 |           0:00 |     0     0     0     0 |
|    YFI/USDT |      0 |           0.00 |           0.00 |             0.000 |           0.00 |           0:00 |     0     0     0     0 |
|    ZEC/USDT |      0 |           0.00 |           0.00 |             0.000 |           0.00 |           0:00 |     0     0     0     0 |
|    ZEN/USDT |      0 |           0.00 |           0.00 |             0.000 |           0.00 |           0:00 |     0     0     0     0 |
|    ZIL/USDT |      0 |           0.00 |           0.00 |             0.000 |           0.00 |           0:00 |     0     0     0     0 |
|    ZRX/USDT |      0 |           0.00 |           0.00 |             0.000 |           0.00 |           0:00 |     0     0     0     0 |
|    MIR/USDT |      0 |           0.00 |           0.00 |             0.000 |           0.00 |           0:00 |     0     0     0     0 |
|   LUNA/USDT |      1 |          -5.96 |          -5.96 |           -34.619 |          -3.46 |       17:00:00 |     0     0     1     0 |
|     SC/USDT |      1 |          -6.09 |          -6.09 |           -35.521 |          -3.55 |       21:05:00 |     0     0     1     0 |
|    DNT/USDT |      1 |         -21.16 |         -21.16 |          -177.715 |         -17.77 |       19:15:00 |     0     0     1     0 |
|       TOTAL |     41 |           2.63 |         107.85 |           678.601 |          67.86 |        5:53:00 |    36     0     5  87.8 |
======================================================== SELL REASON STATS ========================================================
|         Sell Reason |   Sells |   Win  Draws  Loss  Win% |   Avg Profit % |   Cum Profit % |   Tot Profit USDT |   Tot Profit % |
|---------------------+---------+--------------------------+----------------+----------------+-------------------+----------------|
|   signal_profit_u_1 |      14 |     14     0     0   100 |           2.44 |          34.14 |           247.27  |          17.07 |
|     signal_profit_0 |       6 |      6     0     0   100 |           1.45 |           8.71 |            58.712 |           4.35 |
| signal_profit_u_e_1 |       6 |      6     0     0   100 |           1.62 |           9.73 |            72.254 |           4.86 |
|         sell_signal |       5 |      5     0     0   100 |          10.59 |          52.96 |           303.285 |          26.48 |
| signal_stoploss_u_1 |       5 |      0     0     5     0 |          -7    |         -35.02 |          -258.465 |         -17.51 |
|     signal_profit_3 |       2 |      2     0     0   100 |           9.47 |          18.94 |           110.528 |           9.47 |
|     signal_profit_2 |       1 |      1     0     0   100 |           5.3  |           5.3  |            42.987 |           2.65 |
|   signal_profit_u_2 |       1 |      1     0     0   100 |           6.34 |           6.34 |            45.328 |           3.17 |
|   signal_profit_d_1 |       1 |      1     0     0   100 |           6.75 |           6.75 |            56.701 |           3.38 |
====================================================== LEFT OPEN TRADES REPORT ======================================================
|   Pair |   Buys |   Avg Profit % |   Cum Profit % |   Tot Profit USDT |   Tot Profit % |   Avg Duration |   Win  Draw  Loss  Win% |
|--------+--------+----------------+----------------+-------------------+----------------+----------------+-------------------------|
|  TOTAL |      0 |           0.00 |           0.00 |             0.000 |           0.00 |           0:00 |     0     0     0     0 |
=============== SUMMARY METRICS ===============
| Metric                | Value               |
|-----------------------+---------------------|
| Backtesting from      | 2021-06-01 00:00:00 |
| Backtesting to        | 2021-06-25 16:45:00 |
| Max open trades       | 2                   |
|                       |                     |
| Total trades          | 41                  |
| Starting balance      | 1000.000 USDT       |
| Final balance         | 1678.601 USDT       |
| Absolute profit       | 678.601 USDT        |
| Total profit %        | 67.86%              |
| Trades per day        | 1.71                |
| Avg. stake amount     | 693.695 USDT        |
| Total trade volume    | 28441.513 USDT      |
|                       |                     |
| Best Pair             | GXS/USDT 23.72%     |
| Worst Pair            | DNT/USDT -21.16%    |
| Best trade            | GXS/USDT 22.05%     |
| Worst trade           | DNT/USDT -21.16%    |
| Best day              | 217.649 USDT        |
| Worst day             | -59.402 USDT        |
| Days win/draw/lose    | 14 / 8 / 1          |
| Avg. Duration Winners | 4:26:00             |
| Avg. Duration Loser   | 16:21:00            |
| Zero Duration Trades  | 0.00% (0)           |
| Rejected Buy signals  | 51042               |
|                       |                     |
| Min balance           | 1045.828 USDT       |
| Max balance           | 1813.329 USDT       |
| Drawdown              | 21.16%              |
| Drawdown              | 177.715 USDT        |
| Drawdown high         | 813.329 USDT        |
| Drawdown low          | 635.614 USDT        |
| Drawdown Start        | 2021-06-22 14:10:00 |
| Drawdown End          | 2021-06-22 16:35:00 |
| Market change         | -30.12%             |
===============================================

Result for strategy SMAOffsetProtect
=========================================================== BACKTESTING REPORT ===========================================================
|        Pair |   Buys |   Avg Profit % |   Cum Profit % |   Tot Profit USDT |   Tot Profit % |   Avg Duration |   Win  Draw  Loss  Win% |
|-------------+--------+----------------+----------------+-------------------+----------------+----------------+-------------------------|
|   STPT/USDT |      3 |           2.70 |           8.10 |            43.698 |           4.37 |        0:27:00 |     3     0     0   100 |
|    DNT/USDT |      3 |           1.56 |           4.68 |            26.546 |           2.65 |        0:07:00 |     3     0     0   100 |
|     AR/USDT |      3 |           1.45 |           4.36 |            22.760 |           2.28 |        0:10:00 |     3     0     0   100 |
|    WRX/USDT |      4 |           1.02 |           4.07 |            20.632 |           2.06 |        0:06:00 |     4     0     0   100 |
|  TFUEL/USDT |      2 |           1.48 |           2.96 |            15.738 |           1.57 |        0:05:00 |     2     0     0   100 |
|    MTL/USDT |      2 |           1.00 |           2.00 |            10.277 |           1.03 |        0:22:00 |     2     0     0   100 |
|    TKO/USDT |      2 |           1.00 |           2.00 |            10.126 |           1.01 |        0:05:00 |     2     0     0   100 |
|    AVA/USDT |      1 |           1.00 |           1.00 |             5.563 |           0.56 |        0:45:00 |     1     0     0   100 |
|   PERL/USDT |      1 |           1.00 |           1.00 |             5.101 |           0.51 |        1:30:00 |     1     0     0   100 |
|    CKB/USDT |      1 |           1.00 |           1.00 |             5.026 |           0.50 |        2:00:00 |     1     0     0   100 |
|   AAVE/USDT |      0 |           0.00 |           0.00 |             0.000 |           0.00 |           0:00 |     0     0     0     0 |
|    ADA/USDT |      0 |           0.00 |           0.00 |             0.000 |           0.00 |           0:00 |     0     0     0     0 |
|   AION/USDT |      0 |           0.00 |           0.00 |             0.000 |           0.00 |           0:00 |     0     0     0     0 |
|   ALGO/USDT |      0 |           0.00 |           0.00 |             0.000 |           0.00 |           0:00 |     0     0     0     0 |
|  ALICE/USDT |      0 |           0.00 |           0.00 |             0.000 |           0.00 |           0:00 |     0     0     0     0 |
|   ANKR/USDT |      0 |           0.00 |           0.00 |             0.000 |           0.00 |           0:00 |     0     0     0     0 |
|    ATM/USDT |      0 |           0.00 |           0.00 |             0.000 |           0.00 |           0:00 |     0     0     0     0 |
|   ATOM/USDT |      0 |           0.00 |           0.00 |             0.000 |           0.00 |           0:00 |     0     0     0     0 |
|  AUDIO/USDT |      0 |           0.00 |           0.00 |             0.000 |           0.00 |           0:00 |     0     0     0     0 |
|   AVAX/USDT |      0 |           0.00 |           0.00 |             0.000 |           0.00 |           0:00 |     0     0     0     0 |
|    AXS/USDT |      0 |           0.00 |           0.00 |             0.000 |           0.00 |           0:00 |     0     0     0     0 |
|   BAKE/USDT |      0 |           0.00 |           0.00 |             0.000 |           0.00 |           0:00 |     0     0     0     0 |
|    BAT/USDT |      0 |           0.00 |           0.00 |             0.000 |           0.00 |           0:00 |     0     0     0     0 |
|    BCH/USDT |      0 |           0.00 |           0.00 |             0.000 |           0.00 |           0:00 |     0     0     0     0 |
|    BTC/USDT |      0 |           0.00 |           0.00 |             0.000 |           0.00 |           0:00 |     0     0     0     0 |
|  BTCST/USDT |      0 |           0.00 |           0.00 |             0.000 |           0.00 |           0:00 |     0     0     0     0 |
|    BTG/USDT |      0 |           0.00 |           0.00 |             0.000 |           0.00 |           0:00 |     0     0     0     0 |
|    BTT/USDT |      0 |           0.00 |           0.00 |             0.000 |           0.00 |           0:00 |     0     0     0     0 |
| BURGER/USDT |      0 |           0.00 |           0.00 |             0.000 |           0.00 |           0:00 |     0     0     0     0 |
|   CAKE/USDT |      0 |           0.00 |           0.00 |             0.000 |           0.00 |           0:00 |     0     0     0     0 |
|   CELR/USDT |      0 |           0.00 |           0.00 |             0.000 |           0.00 |           0:00 |     0     0     0     0 |
|    CHR/USDT |      0 |           0.00 |           0.00 |             0.000 |           0.00 |           0:00 |     0     0     0     0 |
|    CHZ/USDT |      0 |           0.00 |           0.00 |             0.000 |           0.00 |           0:00 |     0     0     0     0 |
|   COMP/USDT |      0 |           0.00 |           0.00 |             0.000 |           0.00 |           0:00 |     0     0     0     0 |
|    CRV/USDT |      0 |           0.00 |           0.00 |             0.000 |           0.00 |           0:00 |     0     0     0     0 |
|   CTSI/USDT |      0 |           0.00 |           0.00 |             0.000 |           0.00 |           0:00 |     0     0     0     0 |
|   DASH/USDT |      0 |           0.00 |           0.00 |             0.000 |           0.00 |           0:00 |     0     0     0     0 |
|   DENT/USDT |      0 |           0.00 |           0.00 |             0.000 |           0.00 |           0:00 |     0     0     0     0 |
|    DGB/USDT |      0 |           0.00 |           0.00 |             0.000 |           0.00 |           0:00 |     0     0     0     0 |
|   DODO/USDT |      0 |           0.00 |           0.00 |             0.000 |           0.00 |           0:00 |     0     0     0     0 |
|   DOGE/USDT |      0 |           0.00 |           0.00 |             0.000 |           0.00 |           0:00 |     0     0     0     0 |
|    DOT/USDT |      0 |           0.00 |           0.00 |             0.000 |           0.00 |           0:00 |     0     0     0     0 |
|   EGLD/USDT |      0 |           0.00 |           0.00 |             0.000 |           0.00 |           0:00 |     0     0     0     0 |
|    ENJ/USDT |      0 |           0.00 |           0.00 |             0.000 |           0.00 |           0:00 |     0     0     0     0 |
|    EOS/USDT |      0 |           0.00 |           0.00 |             0.000 |           0.00 |           0:00 |     0     0     0     0 |
|    ETC/USDT |      0 |           0.00 |           0.00 |             0.000 |           0.00 |           0:00 |     0     0     0     0 |
|    ETH/USDT |      0 |           0.00 |           0.00 |             0.000 |           0.00 |           0:00 |     0     0     0     0 |
|    FIL/USDT |      0 |           0.00 |           0.00 |             0.000 |           0.00 |           0:00 |     0     0     0     0 |
|    FTM/USDT |      0 |           0.00 |           0.00 |             0.000 |           0.00 |           0:00 |     0     0     0     0 |
|    GRT/USDT |      0 |           0.00 |           0.00 |             0.000 |           0.00 |           0:00 |     0     0     0     0 |
|    GXS/USDT |      0 |           0.00 |           0.00 |             0.000 |           0.00 |           0:00 |     0     0     0     0 |
|   HBAR/USDT |      0 |           0.00 |           0.00 |             0.000 |           0.00 |           0:00 |     0     0     0     0 |
|    HOT/USDT |      0 |           0.00 |           0.00 |             0.000 |           0.00 |           0:00 |     0     0     0     0 |
|   IOST/USDT |      0 |           0.00 |           0.00 |             0.000 |           0.00 |           0:00 |     0     0     0     0 |
|   IOTA/USDT |      0 |           0.00 |           0.00 |             0.000 |           0.00 |           0:00 |     0     0     0     0 |
|   IOTX/USDT |      0 |           0.00 |           0.00 |             0.000 |           0.00 |           0:00 |     0     0     0     0 |
|   KAVA/USDT |      0 |           0.00 |           0.00 |             0.000 |           0.00 |           0:00 |     0     0     0     0 |
|    KSM/USDT |      0 |           0.00 |           0.00 |             0.000 |           0.00 |           0:00 |     0     0     0     0 |
|   LINK/USDT |      0 |           0.00 |           0.00 |             0.000 |           0.00 |           0:00 |     0     0     0     0 |
|    LTC/USDT |      0 |           0.00 |           0.00 |             0.000 |           0.00 |           0:00 |     0     0     0     0 |
|   LUNA/USDT |      0 |           0.00 |           0.00 |             0.000 |           0.00 |           0:00 |     0     0     0     0 |
|   MANA/USDT |      0 |           0.00 |           0.00 |             0.000 |           0.00 |           0:00 |     0     0     0     0 |
|  MATIC/USDT |      0 |           0.00 |           0.00 |             0.000 |           0.00 |           0:00 |     0     0     0     0 |
|    MKR/USDT |      0 |           0.00 |           0.00 |             0.000 |           0.00 |           0:00 |     0     0     0     0 |
|    NEO/USDT |      0 |           0.00 |           0.00 |             0.000 |           0.00 |           0:00 |     0     0     0     0 |
|    NKN/USDT |      0 |           0.00 |           0.00 |             0.000 |           0.00 |           0:00 |     0     0     0     0 |
|    NMR/USDT |      0 |           0.00 |           0.00 |             0.000 |           0.00 |           0:00 |     0     0     0     0 |
|    OMG/USDT |      0 |           0.00 |           0.00 |             0.000 |           0.00 |           0:00 |     0     0     0     0 |
|    ONG/USDT |      0 |           0.00 |           0.00 |             0.000 |           0.00 |           0:00 |     0     0     0     0 |
|    ONE/USDT |      0 |           0.00 |           0.00 |             0.000 |           0.00 |           0:00 |     0     0     0     0 |
|    ONT/USDT |      0 |           0.00 |           0.00 |             0.000 |           0.00 |           0:00 |     0     0     0     0 |
|    PNT/USDT |      0 |           0.00 |           0.00 |             0.000 |           0.00 |           0:00 |     0     0     0     0 |
|   POND/USDT |      0 |           0.00 |           0.00 |             0.000 |           0.00 |           0:00 |     0     0     0     0 |
|   QTUM/USDT |      0 |           0.00 |           0.00 |             0.000 |           0.00 |           0:00 |     0     0     0     0 |
|   REEF/USDT |      0 |           0.00 |           0.00 |             0.000 |           0.00 |           0:00 |     0     0     0     0 |
|    RLC/USDT |      0 |           0.00 |           0.00 |             0.000 |           0.00 |           0:00 |     0     0     0     0 |
|   RUNE/USDT |      0 |           0.00 |           0.00 |             0.000 |           0.00 |           0:00 |     0     0     0     0 |
|    RVN/USDT |      0 |           0.00 |           0.00 |             0.000 |           0.00 |           0:00 |     0     0     0     0 |
|     SC/USDT |      0 |           0.00 |           0.00 |             0.000 |           0.00 |           0:00 |     0     0     0     0 |
|    SKL/USDT |      0 |           0.00 |           0.00 |             0.000 |           0.00 |           0:00 |     0     0     0     0 |
|    SLP/USDT |      0 |           0.00 |           0.00 |             0.000 |           0.00 |           0:00 |     0     0     0     0 |
|    SNX/USDT |      0 |           0.00 |           0.00 |             0.000 |           0.00 |           0:00 |     0     0     0     0 |
|    SOL/USDT |      0 |           0.00 |           0.00 |             0.000 |           0.00 |           0:00 |     0     0     0     0 |
|   STMX/USDT |      0 |           0.00 |           0.00 |             0.000 |           0.00 |           0:00 |     0     0     0     0 |
|    STX/USDT |      0 |           0.00 |           0.00 |             0.000 |           0.00 |           0:00 |     0     0     0     0 |
|  SUSHI/USDT |      0 |           0.00 |           0.00 |             0.000 |           0.00 |           0:00 |     0     0     0     0 |
|    SXP/USDT |      0 |           0.00 |           0.00 |             0.000 |           0.00 |           0:00 |     0     0     0     0 |
|  THETA/USDT |      0 |           0.00 |           0.00 |             0.000 |           0.00 |           0:00 |     0     0     0     0 |
|    TLM/USDT |      0 |           0.00 |           0.00 |             0.000 |           0.00 |           0:00 |     0     0     0     0 |
|    TRX/USDT |      0 |           0.00 |           0.00 |             0.000 |           0.00 |           0:00 |     0     0     0     0 |
|    TWT/USDT |      0 |           0.00 |           0.00 |             0.000 |           0.00 |           0:00 |     0     0     0     0 |
|    UNI/USDT |      0 |           0.00 |           0.00 |             0.000 |           0.00 |           0:00 |     0     0     0     0 |
|    VET/USDT |      0 |           0.00 |           0.00 |             0.000 |           0.00 |           0:00 |     0     0     0     0 |
|  WAVES/USDT |      0 |           0.00 |           0.00 |             0.000 |           0.00 |           0:00 |     0     0     0     0 |
|    WIN/USDT |      0 |           0.00 |           0.00 |             0.000 |           0.00 |           0:00 |     0     0     0     0 |
|    XEM/USDT |      0 |           0.00 |           0.00 |             0.000 |           0.00 |           0:00 |     0     0     0     0 |
|    XLM/USDT |      0 |           0.00 |           0.00 |             0.000 |           0.00 |           0:00 |     0     0     0     0 |
|    XMR/USDT |      0 |           0.00 |           0.00 |             0.000 |           0.00 |           0:00 |     0     0     0     0 |
|    XRP/USDT |      0 |           0.00 |           0.00 |             0.000 |           0.00 |           0:00 |     0     0     0     0 |
|    XTZ/USDT |      0 |           0.00 |           0.00 |             0.000 |           0.00 |           0:00 |     0     0     0     0 |
|    XVS/USDT |      0 |           0.00 |           0.00 |             0.000 |           0.00 |           0:00 |     0     0     0     0 |
|    YFI/USDT |      0 |           0.00 |           0.00 |             0.000 |           0.00 |           0:00 |     0     0     0     0 |
|    ZEC/USDT |      0 |           0.00 |           0.00 |             0.000 |           0.00 |           0:00 |     0     0     0     0 |
|    ZEN/USDT |      0 |           0.00 |           0.00 |             0.000 |           0.00 |           0:00 |     0     0     0     0 |
|    ZIL/USDT |      0 |           0.00 |           0.00 |             0.000 |           0.00 |           0:00 |     0     0     0     0 |
|    ZRX/USDT |      0 |           0.00 |           0.00 |             0.000 |           0.00 |           0:00 |     0     0     0     0 |
|    MIR/USDT |      0 |           0.00 |           0.00 |             0.000 |           0.00 |           0:00 |     0     0     0     0 |
|   DATA/USDT |      6 |          -0.11 |          -0.66 |            -3.910 |          -0.39 |        1:00:00 |     5     0     1  83.3 |
|       TOTAL |     28 |           1.09 |          30.52 |           161.558 |          16.16 |        0:30:00 |    27     0     1  96.4 |
===================================================== SELL REASON STATS =====================================================
|   Sell Reason |   Sells |   Win  Draws  Loss  Win% |   Avg Profit % |   Cum Profit % |   Tot Profit USDT |   Tot Profit % |
|---------------+---------+--------------------------+----------------+----------------+-------------------+----------------|
|           roi |      27 |     27     0     0   100 |           1.37 |          36.97 |           196.541 |          18.48 |
|   sell_signal |       1 |      0     0     1     0 |          -6.45 |          -6.45 |           -34.983 |          -3.22 |
====================================================== LEFT OPEN TRADES REPORT ======================================================
|   Pair |   Buys |   Avg Profit % |   Cum Profit % |   Tot Profit USDT |   Tot Profit % |   Avg Duration |   Win  Draw  Loss  Win% |
|--------+--------+----------------+----------------+-------------------+----------------+----------------+-------------------------|
|  TOTAL |      0 |           0.00 |           0.00 |             0.000 |           0.00 |           0:00 |     0     0     0     0 |
=============== SUMMARY METRICS ===============
| Metric                | Value               |
|-----------------------+---------------------|
| Backtesting from      | 2021-06-01 00:00:00 |
| Backtesting to        | 2021-06-25 16:45:00 |
| Max open trades       | 2                   |
|                       |                     |
| Total trades          | 28                  |
| Starting balance      | 1000.000 USDT       |
| Final balance         | 1161.558 USDT       |
| Absolute profit       | 161.558 USDT        |
| Total profit %        | 16.16%              |
| Trades per day        | 1.17                |
| Avg. stake amount     | 529.562 USDT        |
| Total trade volume    | 14827.749 USDT      |
|                       |                     |
| Best Pair             | STPT/USDT 8.1%      |
| Worst Pair            | DATA/USDT -0.66%    |
| Best trade            | STPT/USDT 6.1%      |
| Worst trade           | DATA/USDT -6.45%    |
| Best day              | 43.698 USDT         |
| Worst day             | -24.222 USDT        |
| Days win/draw/lose    | 11 / 9 / 1          |
| Avg. Duration Winners | 0:24:00             |
| Avg. Duration Loser   | 3:00:00             |
| Zero Duration Trades  | 0.00% (0)           |
| Rejected Buy signals  | 0                   |
|                       |                     |
| Min balance           | 1004.950 USDT       |
| Max balance           | 1161.558 USDT       |
| Drawdown              | 6.45%               |
| Drawdown              | 34.983 USDT         |
| Drawdown high         | 95.102 USDT         |
| Drawdown low          | 60.118 USDT         |
| Drawdown Start        | 2021-06-09 18:35:00 |
| Drawdown End          | 2021-06-09 21:50:00 |
| Market change         | -30.12%             |
===============================================

============================================================================= STRATEGY SUMMARY =============================================================================
|               Strategy |   Buys |   Avg Profit % |   Cum Profit % |   Tot Profit USDT |   Tot Profit % |   Avg Duration |   Win  Draw  Loss  Win% |             Drawdown |
|------------------------+--------+----------------+----------------+-------------------+----------------+----------------+-------------------------+----------------------|
|                 BigZ03 |     74 |           0.89 |          66.11 |           381.480 |          38.15 |        1:58:00 |    70     0     4  94.6 |  74.209 USDT  10.57% |
| NostalgiaForInfinityV5 |     41 |           2.63 |         107.85 |           678.601 |          67.86 |        5:53:00 |    36     0     5  87.8 | 177.715 USDT  21.16% |
|       SMAOffsetProtect |     28 |           1.09 |          30.52 |           161.558 |          16.16 |        0:30:00 |    27     0     1  96.4 |  34.983 USDT   6.45% |
============================================================================================================================================================================

For more details, please look at the detail tables above
