Result for strategy BigZ04
=========================================================== BACKTESTING REPORT ===========================================================
|        Pair |   Buys |   Avg Profit % |   Cum Profit % |   Tot Profit USDT |   Tot Profit % |   Avg Duration |   Win  Draw  Loss  Win% |
|-------------+--------+----------------+----------------+-------------------+----------------+----------------+-------------------------|
|  TFUEL/USDT |      5 |           2.27 |          11.37 |            43.301 |           4.33 |        0:16:00 |     5     0     0   100 |
|    BTG/USDT |      6 |           1.48 |           8.89 |            36.417 |           3.64 |        0:50:00 |     6     0     0   100 |
|   DOGE/USDT |      4 |           1.47 |           5.89 |            23.893 |           2.39 |        0:24:00 |     4     0     0   100 |
|    KSM/USDT |      5 |           1.04 |           5.19 |            21.148 |           2.11 |        0:39:00 |     5     0     0   100 |
|   IOST/USDT |      3 |           1.37 |           4.10 |            18.447 |           1.84 |        0:27:00 |     3     0     0   100 |
|    CKB/USDT |      3 |           1.51 |           4.52 |            17.620 |           1.76 |        1:03:00 |     3     0     0   100 |
|   ANKR/USDT |      4 |           1.07 |           4.30 |            17.566 |           1.76 |        0:54:00 |     4     0     0   100 |
|    STX/USDT |      2 |           1.65 |           3.30 |            14.452 |           1.45 |        0:28:00 |     2     0     0   100 |
|    DOT/USDT |      2 |           1.80 |           3.60 |            14.126 |           1.41 |        0:20:00 |     2     0     0   100 |
|   DATA/USDT |      6 |           0.60 |           3.60 |            13.516 |           1.35 |        0:38:00 |     5     0     1  83.3 |
|    MIR/USDT |      2 |           1.80 |           3.60 |            13.450 |           1.34 |       19:50:00 |     2     0     0   100 |
|   STPT/USDT |      2 |           1.65 |           3.30 |            12.188 |           1.22 |        0:42:00 |     2     0     0   100 |
|    ONG/USDT |      2 |           1.65 |           3.30 |            11.656 |           1.17 |        0:22:00 |     2     0     0   100 |
|   DENT/USDT |      2 |           1.15 |           2.30 |             9.730 |           0.97 |        0:32:00 |     2     0     0   100 |
|    BTT/USDT |      2 |           1.15 |           2.30 |             9.353 |           0.94 |        3:20:00 |     2     0     0   100 |
|    CRV/USDT |      2 |           1.26 |           2.52 |             9.054 |           0.91 |        0:30:00 |     2     0     0   100 |
|    CHZ/USDT |      2 |           1.15 |           2.30 |             8.685 |           0.87 |        0:32:00 |     2     0     0   100 |
|   CTSI/USDT |      2 |           1.15 |           2.30 |             8.513 |           0.85 |        2:25:00 |     2     0     0   100 |
|    EOS/USDT |      2 |           0.98 |           1.96 |             8.477 |           0.85 |        0:55:00 |     2     0     0   100 |
|  BTCST/USDT |      2 |           1.17 |           2.33 |             8.475 |           0.85 |        0:25:00 |     2     0     0   100 |
|   MANA/USDT |      1 |           1.80 |           1.80 |             8.373 |           0.84 |        0:20:00 |     1     0     0   100 |
| BURGER/USDT |      1 |           1.80 |           1.80 |             8.251 |           0.83 |        0:15:00 |     1     0     0   100 |
|    GRT/USDT |      1 |           1.80 |           1.80 |             8.249 |           0.82 |        0:10:00 |     1     0     0   100 |
|    TKO/USDT |      2 |           1.15 |           2.30 |             8.213 |           0.82 |        0:25:00 |     2     0     0   100 |
|    ZIL/USDT |      2 |           1.15 |           2.30 |             8.086 |           0.81 |        1:10:00 |     2     0     0   100 |
|    ETC/USDT |      1 |           1.67 |           1.67 |             7.854 |           0.79 |        0:40:00 |     1     0     0   100 |
|    ATM/USDT |      1 |           1.80 |           1.80 |             7.633 |           0.76 |        0:10:00 |     1     0     0   100 |
|    ZRX/USDT |      1 |           1.80 |           1.80 |             7.588 |           0.76 |        0:15:00 |     1     0     0   100 |
|   BAKE/USDT |      1 |           1.80 |           1.80 |             7.450 |           0.75 |        0:25:00 |     1     0     0   100 |
|    RVN/USDT |      1 |           1.80 |           1.80 |             7.284 |           0.73 |        4:05:00 |     1     0     0   100 |
|    NMR/USDT |      1 |           1.80 |           1.80 |             7.173 |           0.72 |        3:25:00 |     1     0     0   100 |
|  WAVES/USDT |      1 |           1.51 |           1.51 |             7.057 |           0.71 |        0:40:00 |     1     0     0   100 |
|   RUNE/USDT |      1 |           1.80 |           1.80 |             7.027 |           0.70 |        0:10:00 |     1     0     0   100 |
|  SUSHI/USDT |      1 |           1.80 |           1.80 |             6.795 |           0.68 |        5:05:00 |     1     0     0   100 |
|  THETA/USDT |      2 |           0.89 |           1.77 |             6.668 |           0.67 |        1:02:00 |     2     0     0   100 |
|    AVA/USDT |      2 |           0.79 |           1.58 |             6.616 |           0.66 |        0:40:00 |     2     0     0   100 |
|   COMP/USDT |      2 |           0.88 |           1.75 |             6.047 |           0.60 |        0:42:00 |     2     0     0   100 |
|   QTUM/USDT |      2 |           0.63 |           1.26 |             5.737 |           0.57 |        1:00:00 |     2     0     0   100 |
|  AUDIO/USDT |      1 |           1.38 |           1.38 |             5.343 |           0.53 |        0:40:00 |     1     0     0   100 |
|    NEO/USDT |      1 |           1.14 |           1.14 |             5.053 |           0.51 |        0:40:00 |     1     0     0   100 |
|   IOTX/USDT |      4 |           0.33 |           1.30 |             4.743 |           0.47 |       10:56:00 |     3     0     1  75.0 |
|    ONE/USDT |      1 |           1.20 |           1.20 |             4.672 |           0.47 |        0:40:00 |     1     0     0   100 |
|   KAVA/USDT |      2 |           0.50 |           1.00 |             4.547 |           0.45 |        1:12:00 |     2     0     0   100 |
|    DNT/USDT |      2 |           0.50 |           1.00 |             4.224 |           0.42 |        1:58:00 |     2     0     0   100 |
|    MTL/USDT |      2 |           0.51 |           1.02 |             4.179 |           0.42 |        1:25:00 |     2     0     0   100 |
|    AXS/USDT |      1 |           0.87 |           0.87 |             4.049 |           0.40 |        0:40:00 |     1     0     0   100 |
|    ONT/USDT |      2 |           0.50 |           1.00 |             3.763 |           0.38 |        1:00:00 |     2     0     0   100 |
|   AAVE/USDT |      2 |           0.50 |           1.00 |             3.667 |           0.37 |        1:25:00 |     2     0     0   100 |
|   POND/USDT |      2 |           0.50 |           1.00 |             3.613 |           0.36 |        1:25:00 |     2     0     0   100 |
|    MKR/USDT |      1 |           0.50 |           0.50 |             2.297 |           0.23 |        1:05:00 |     1     0     0   100 |
|    OMG/USDT |      1 |           0.50 |           0.50 |             2.284 |           0.23 |        1:00:00 |     1     0     0   100 |
|   EGLD/USDT |      1 |           0.50 |           0.50 |             2.271 |           0.23 |        1:55:00 |     1     0     0   100 |
|    ZEN/USDT |      1 |           0.50 |           0.50 |             2.237 |           0.22 |        1:20:00 |     1     0     0   100 |
|   HBAR/USDT |      1 |           0.50 |           0.50 |             2.229 |           0.22 |        0:40:00 |     1     0     0   100 |
|    ADA/USDT |      1 |           0.58 |           0.58 |             2.027 |           0.20 |        0:40:00 |     1     0     0   100 |
|    SXP/USDT |      1 |           0.50 |           0.50 |             1.974 |           0.20 |        2:10:00 |     1     0     0   100 |
|    SLP/USDT |      1 |           0.50 |           0.50 |             1.864 |           0.19 |        0:50:00 |     1     0     0   100 |
|    TLM/USDT |      1 |           0.50 |           0.50 |             1.864 |           0.19 |        0:50:00 |     1     0     0   100 |
|    SNX/USDT |      1 |           0.50 |           0.50 |             1.828 |           0.18 |        2:00:00 |     1     0     0   100 |
|   DASH/USDT |      1 |           0.50 |           0.50 |             1.750 |           0.17 |        1:10:00 |     1     0     0   100 |
|    WRX/USDT |      1 |           0.50 |           0.50 |             1.656 |           0.17 |        1:15:00 |     1     0     0   100 |
|   AION/USDT |      0 |           0.00 |           0.00 |             0.000 |           0.00 |           0:00 |     0     0     0     0 |
|   ALGO/USDT |      0 |           0.00 |           0.00 |             0.000 |           0.00 |           0:00 |     0     0     0     0 |
|  ALICE/USDT |      0 |           0.00 |           0.00 |             0.000 |           0.00 |           0:00 |     0     0     0     0 |
|   ATOM/USDT |      0 |           0.00 |           0.00 |             0.000 |           0.00 |           0:00 |     0     0     0     0 |
|   AVAX/USDT |      0 |           0.00 |           0.00 |             0.000 |           0.00 |           0:00 |     0     0     0     0 |
|    BAT/USDT |      0 |           0.00 |           0.00 |             0.000 |           0.00 |           0:00 |     0     0     0     0 |
|    BCH/USDT |      0 |           0.00 |           0.00 |             0.000 |           0.00 |           0:00 |     0     0     0     0 |
|    BTC/USDT |      0 |           0.00 |           0.00 |             0.000 |           0.00 |           0:00 |     0     0     0     0 |
|   CAKE/USDT |      0 |           0.00 |           0.00 |             0.000 |           0.00 |           0:00 |     0     0     0     0 |
|   CELR/USDT |      0 |           0.00 |           0.00 |             0.000 |           0.00 |           0:00 |     0     0     0     0 |
|    CHR/USDT |      0 |           0.00 |           0.00 |             0.000 |           0.00 |           0:00 |     0     0     0     0 |
|   DODO/USDT |      0 |           0.00 |           0.00 |             0.000 |           0.00 |           0:00 |     0     0     0     0 |
|    ENJ/USDT |      0 |           0.00 |           0.00 |             0.000 |           0.00 |           0:00 |     0     0     0     0 |
|    ETH/USDT |      0 |           0.00 |           0.00 |             0.000 |           0.00 |           0:00 |     0     0     0     0 |
|    FIL/USDT |      0 |           0.00 |           0.00 |             0.000 |           0.00 |           0:00 |     0     0     0     0 |
|    GXS/USDT |      0 |           0.00 |           0.00 |             0.000 |           0.00 |           0:00 |     0     0     0     0 |
|    HOT/USDT |      0 |           0.00 |           0.00 |             0.000 |           0.00 |           0:00 |     0     0     0     0 |
|   IOTA/USDT |      0 |           0.00 |           0.00 |             0.000 |           0.00 |           0:00 |     0     0     0     0 |
|   LINK/USDT |      0 |           0.00 |           0.00 |             0.000 |           0.00 |           0:00 |     0     0     0     0 |
|    LTC/USDT |      0 |           0.00 |           0.00 |             0.000 |           0.00 |           0:00 |     0     0     0     0 |
|   LUNA/USDT |      0 |           0.00 |           0.00 |             0.000 |           0.00 |           0:00 |     0     0     0     0 |
|  MATIC/USDT |      0 |           0.00 |           0.00 |             0.000 |           0.00 |           0:00 |     0     0     0     0 |
|    NKN/USDT |      0 |           0.00 |           0.00 |             0.000 |           0.00 |           0:00 |     0     0     0     0 |
|    PNT/USDT |      0 |           0.00 |           0.00 |             0.000 |           0.00 |           0:00 |     0     0     0     0 |
|   REEF/USDT |      0 |           0.00 |           0.00 |             0.000 |           0.00 |           0:00 |     0     0     0     0 |
|    RLC/USDT |      0 |           0.00 |           0.00 |             0.000 |           0.00 |           0:00 |     0     0     0     0 |
|     SC/USDT |      0 |           0.00 |           0.00 |             0.000 |           0.00 |           0:00 |     0     0     0     0 |
|    SKL/USDT |      0 |           0.00 |           0.00 |             0.000 |           0.00 |           0:00 |     0     0     0     0 |
|    SOL/USDT |      0 |           0.00 |           0.00 |             0.000 |           0.00 |           0:00 |     0     0     0     0 |
|    TRX/USDT |      0 |           0.00 |           0.00 |             0.000 |           0.00 |           0:00 |     0     0     0     0 |
|    TWT/USDT |      0 |           0.00 |           0.00 |             0.000 |           0.00 |           0:00 |     0     0     0     0 |
|    UNI/USDT |      0 |           0.00 |           0.00 |             0.000 |           0.00 |           0:00 |     0     0     0     0 |
|    VET/USDT |      0 |           0.00 |           0.00 |             0.000 |           0.00 |           0:00 |     0     0     0     0 |
|    WIN/USDT |      0 |           0.00 |           0.00 |             0.000 |           0.00 |           0:00 |     0     0     0     0 |
|    XEM/USDT |      0 |           0.00 |           0.00 |             0.000 |           0.00 |           0:00 |     0     0     0     0 |
|    XLM/USDT |      0 |           0.00 |           0.00 |             0.000 |           0.00 |           0:00 |     0     0     0     0 |
|    XMR/USDT |      0 |           0.00 |           0.00 |             0.000 |           0.00 |           0:00 |     0     0     0     0 |
|    XRP/USDT |      0 |           0.00 |           0.00 |             0.000 |           0.00 |           0:00 |     0     0     0     0 |
|    XTZ/USDT |      0 |           0.00 |           0.00 |             0.000 |           0.00 |           0:00 |     0     0     0     0 |
|    XVS/USDT |      0 |           0.00 |           0.00 |             0.000 |           0.00 |           0:00 |     0     0     0     0 |
|    YFI/USDT |      0 |           0.00 |           0.00 |             0.000 |           0.00 |           0:00 |     0     0     0     0 |
|    ZEC/USDT |      0 |           0.00 |           0.00 |             0.000 |           0.00 |           0:00 |     0     0     0     0 |
|    FTM/USDT |      3 |           0.02 |           0.05 |            -3.575 |          -0.36 |        2:47:00 |     2     0     1  66.7 |
|    DGB/USDT |      1 |          -3.82 |          -3.82 |           -13.544 |          -1.35 |        2:15:00 |     0     0     1     0 |
|   STMX/USDT |      3 |          -1.00 |          -3.01 |           -14.392 |          -1.44 |        1:02:00 |     2     0     1  66.7 |
|   PERL/USDT |      1 |          -4.92 |          -4.92 |           -17.053 |          -1.71 |        3:50:00 |     0     0     1     0 |
|    BNB/USDT |      1 |          -4.89 |          -4.89 |           -17.064 |          -1.71 |        1:40:00 |     0     0     1     0 |
|     AR/USDT |      5 |          -1.19 |          -5.97 |           -32.724 |          -3.27 |        0:59:00 |     4     0     1  80.0 |
|       TOTAL |    130 |           0.83 |         108.48 |           425.954 |          42.60 |        1:38:00 |   122     0     8  93.8 |
======================================================= SELL REASON STATS ========================================================
|        Sell Reason |   Sells |   Win  Draws  Loss  Win% |   Avg Profit % |   Cum Profit % |   Tot Profit USDT |   Tot Profit % |
|--------------------+---------+--------------------------+----------------+----------------+-------------------+----------------|
|                roi |     122 |    122     0     0   100 |           1.22 |         148.72 |           593.368 |          49.57 |
| trailing_stop_loss |       8 |      0     0     8     0 |          -5.03 |         -40.24 |          -167.414 |         -13.41 |
====================================================== LEFT OPEN TRADES REPORT ======================================================
|   Pair |   Buys |   Avg Profit % |   Cum Profit % |   Tot Profit USDT |   Tot Profit % |   Avg Duration |   Win  Draw  Loss  Win% |
|--------+--------+----------------+----------------+-------------------+----------------+----------------+-------------------------|
|  TOTAL |      0 |           0.00 |           0.00 |             0.000 |           0.00 |           0:00 |     0     0     0     0 |
=============== SUMMARY METRICS ===============
| Metric                | Value               |
|-----------------------+---------------------|
| Backtesting from      | 2021-06-01 00:00:00 |
| Backtesting to        | 2021-07-01 09:45:00 |
| Max open trades       | 3                   |
|                       |                     |
| Total trades          | 130                 |
| Starting balance      | 1000.000 USDT       |
| Final balance         | 1425.954 USDT       |
| Absolute profit       | 425.954 USDT        |
| Total profit %        | 42.6%               |
| Trades per day        | 4.33                |
| Avg. stake amount     | 399.672 USDT        |
| Total trade volume    | 51957.405 USDT      |
|                       |                     |
| Best Pair             | TFUEL/USDT 11.37%   |
| Worst Pair            | AR/USDT -5.97%      |
| Best trade            | ONG/USDT 2.8%       |
| Worst trade           | AR/USDT -10.57%     |
| Best day              | 85.842 USDT         |
| Worst day             | -8.762 USDT         |
| Days win/draw/lose    | 24 / 3 / 4          |
| Avg. Duration Winners | 1:34:00             |
| Avg. Duration Loser   | 2:41:00             |
| Zero Duration Trades  | 0.00% (0)           |
| Rejected Buy signals  | 24555               |
|                       |                     |
| Min balance           | 1001.650 USDT       |
| Max balance           | 1435.766 USDT       |
| Drawdown              | 10.57%              |
| Drawdown              | 48.851 USDT         |
| Drawdown high         | 399.635 USDT        |
| Drawdown low          | 350.784 USDT        |
| Drawdown Start        | 2021-06-22 14:55:00 |
| Drawdown End          | 2021-06-22 20:15:00 |
| Market change         | -25.46%             |
===============================================

