Result for strategy BigZ04
=========================================================== BACKTESTING REPORT ===========================================================
|        Pair |   Buys |   Avg Profit % |   Cum Profit % |   Tot Profit USDT |   Tot Profit % |   Avg Duration |   Win  Draw  Loss  Win% |
|-------------+--------+----------------+----------------+-------------------+----------------+----------------+-------------------------|
|    ATM/USDT |     18 |           2.28 |          41.07 |           263.207 |          26.32 |        0:13:00 |    18     0     0   100 |
|   DOGE/USDT |     14 |           1.76 |          24.62 |           148.515 |          14.85 |        0:22:00 |    14     0     0   100 |
|  TFUEL/USDT |      7 |           1.95 |          13.67 |           140.300 |          14.03 |        0:24:00 |     7     0     0   100 |
|   BAKE/USDT |     10 |           1.80 |          18.00 |           128.744 |          12.87 |        0:36:00 |    10     0     0   100 |
|    BTG/USDT |      9 |           1.41 |          12.69 |           123.325 |          12.33 |        0:51:00 |     9     0     0   100 |
|  MATIC/USDT |     11 |           1.48 |          16.28 |           114.517 |          11.45 |        0:32:00 |    11     0     0   100 |
|    KSM/USDT |      9 |           1.89 |          17.04 |           112.923 |          11.29 |        0:19:00 |     9     0     0   100 |
|    ONG/USDT |      9 |           1.55 |          13.98 |           112.120 |          11.21 |        1:13:00 |     9     0     0   100 |
|    SLP/USDT |      8 |           1.85 |          14.79 |           105.586 |          10.56 |        0:17:00 |     8     0     0   100 |
| BURGER/USDT |      6 |           2.30 |          13.79 |            92.688 |           9.27 |        0:53:00 |     6     0     0   100 |
|   DENT/USDT |      8 |           1.58 |          12.64 |            92.654 |           9.27 |        2:49:00 |     8     0     0   100 |
|    ETC/USDT |     11 |           1.32 |          14.49 |            83.170 |           8.32 |        0:34:00 |    11     0     0   100 |
|   ANKR/USDT |      6 |           1.27 |           7.59 |            76.156 |           7.62 |        0:44:00 |     6     0     0   100 |
|    EOS/USDT |      5 |           1.99 |           9.93 |            73.447 |           7.34 |       10:12:00 |     5     0     0   100 |
|   STPT/USDT |      5 |           1.73 |           8.64 |            72.306 |           7.23 |        0:30:00 |     5     0     0   100 |
|   RUNE/USDT |      6 |           1.64 |           9.84 |            68.308 |           6.83 |        0:21:00 |     6     0     0   100 |
|   POND/USDT |      6 |           1.32 |           7.89 |            66.793 |           6.68 |        0:48:00 |     6     0     0   100 |
|    NMR/USDT |      5 |           1.54 |           7.69 |            66.300 |           6.63 |        0:56:00 |     5     0     0   100 |
|    MIR/USDT |      6 |           1.37 |           8.22 |            65.769 |           6.58 | 1 day, 3:58:00 |     6     0     0   100 |
|    CHZ/USDT |      5 |           1.43 |           7.15 |            63.941 |           6.39 |        0:25:00 |     5     0     0   100 |
|    SKL/USDT |      6 |           1.30 |           7.79 |            62.234 |           6.22 |        0:32:00 |     6     0     0   100 |
|   IOST/USDT |      4 |           1.15 |           4.60 |            58.990 |           5.90 |        0:30:00 |     4     0     0   100 |
|    STX/USDT |      3 |           1.70 |           5.09 |            54.056 |           5.41 |        0:27:00 |     3     0     0   100 |
|    DOT/USDT |      3 |           1.80 |           5.39 |            51.115 |           5.11 |        0:25:00 |     3     0     0   100 |
|  BTCST/USDT |      7 |           1.20 |           8.43 |            49.466 |           4.95 |        0:34:00 |     7     0     0   100 |
|    ADA/USDT |      5 |           1.45 |           7.24 |            47.977 |           4.80 |        1:39:00 |     5     0     0   100 |
|   IOTX/USDT |      7 |           0.98 |           6.87 |            47.446 |           4.74 |        6:22:00 |     6     0     1  85.7 |
|    ONE/USDT |      4 |           1.65 |           6.59 |            46.744 |           4.67 |        0:32:00 |     4     0     0   100 |
|   DATA/USDT |      7 |           0.59 |           4.10 |            44.022 |           4.40 |        0:44:00 |     6     0     1  85.7 |
|   IOTA/USDT |      3 |           2.13 |           6.39 |            42.317 |           4.23 |        0:10:00 |     3     0     0   100 |
|    GRT/USDT |      3 |           1.37 |           4.10 |            39.368 |           3.94 |        0:42:00 |     3     0     0   100 |
|   DODO/USDT |      3 |           1.37 |           4.10 |            39.105 |           3.91 |        0:30:00 |     3     0     0   100 |
|    RVN/USDT |      2 |           1.80 |           3.60 |            38.571 |           3.86 |        2:15:00 |     2     0     0   100 |
|    AVA/USDT |      4 |           1.22 |           4.88 |            37.508 |           3.75 |        0:35:00 |     4     0     0   100 |
|    TLM/USDT |      5 |           1.02 |           5.09 |            36.659 |           3.67 |        0:49:00 |     5     0     0   100 |
|   CAKE/USDT |      3 |           1.80 |           5.39 |            36.221 |           3.62 |        0:12:00 |     3     0     0   100 |
|   HBAR/USDT |      5 |           1.28 |           6.39 |            36.107 |           3.61 |        0:34:00 |     5     0     0   100 |
|  WAVES/USDT |      3 |           1.80 |           5.40 |            36.006 |           3.60 |        2:15:00 |     3     0     0   100 |
|    BTT/USDT |      3 |           1.37 |           4.10 |            34.705 |           3.47 |        2:17:00 |     3     0     0   100 |
|   DASH/USDT |      3 |           1.80 |           5.39 |            34.458 |           3.45 |        7:55:00 |     3     0     0   100 |
|   AAVE/USDT |      5 |           1.22 |           6.09 |            34.369 |           3.44 |        0:48:00 |     5     0     0   100 |
|   CTSI/USDT |      4 |           1.15 |           4.60 |            34.252 |           3.43 |        1:28:00 |     4     0     0   100 |
|    CRV/USDT |      3 |           1.01 |           3.02 |            30.907 |           3.09 |        0:53:00 |     3     0     0   100 |
|    OMG/USDT |      4 |           1.15 |           4.60 |            29.883 |           2.99 |        0:36:00 |     4     0     0   100 |
|  AUDIO/USDT |      6 |           0.58 |           3.48 |            29.669 |           2.97 |        1:19:00 |     5     0     1  83.3 |
|    ZRX/USDT |      2 |           1.80 |           3.60 |            29.051 |           2.91 |        0:22:00 |     2     0     0   100 |
|    ZIL/USDT |      3 |           0.93 |           2.80 |            28.388 |           2.84 |        1:17:00 |     3     0     0   100 |
|   QTUM/USDT |      5 |           0.81 |           4.06 |            27.715 |           2.77 |        0:52:00 |     5     0     0   100 |
|   COMP/USDT |      3 |           0.93 |           2.80 |            26.719 |           2.67 |       11:40:00 |     3     0     0   100 |
|    XVS/USDT |      4 |           1.03 |           4.12 |            25.830 |           2.58 |        0:50:00 |     4     0     0   100 |
|   MANA/USDT |      1 |           1.80 |           1.80 |            24.629 |           2.46 |        0:20:00 |     1     0     0   100 |
|    TKO/USDT |      2 |           1.15 |           2.30 |            24.353 |           2.44 |        0:25:00 |     2     0     0   100 |
|    MTL/USDT |      5 |           0.61 |           3.07 |            24.279 |           2.43 |        1:08:00 |     5     0     0   100 |
|    DGB/USDT |      4 |           1.15 |           4.60 |            23.839 |           2.38 |        0:55:00 |     4     0     0   100 |
|    MKR/USDT |      3 |           0.93 |           2.80 |            22.801 |           2.28 |        1:52:00 |     3     0     0   100 |
|    FIL/USDT |      2 |           2.30 |           4.60 |            21.900 |           2.19 |        0:05:00 |     2     0     0   100 |
|   ATOM/USDT |      1 |           2.80 |           2.80 |            21.054 |           2.11 |        0:00:00 |     1     0     0   100 |
|   AVAX/USDT |      2 |           1.80 |           3.60 |            20.742 |           2.07 |        0:22:00 |     2     0     0   100 |
|   KAVA/USDT |      3 |           0.59 |           1.77 |            20.733 |           2.07 |        1:02:00 |     3     0     0   100 |
|  THETA/USDT |      2 |           0.89 |           1.77 |            19.755 |           1.98 |        1:02:00 |     2     0     0   100 |
|    TRX/USDT |      3 |           1.37 |           4.10 |            19.638 |           1.96 |        8:47:00 |     3     0     0   100 |
|    WRX/USDT |      2 |           1.15 |           2.30 |            19.134 |           1.91 |        0:45:00 |     2     0     0   100 |
|    NEO/USDT |      2 |           1.11 |           2.22 |            18.545 |           1.85 |        0:40:00 |     2     0     0   100 |
|    RLC/USDT |      3 |           1.29 |           3.87 |            16.868 |           1.69 |        0:30:00 |     3     0     0   100 |
|    GXS/USDT |      2 |           1.65 |           3.30 |            16.467 |           1.65 |        0:22:00 |     2     0     0   100 |
|    SNX/USDT |      2 |           1.15 |           2.30 |            15.853 |           1.59 |        1:08:00 |     2     0     0   100 |
|    BAT/USDT |      1 |           1.77 |           1.77 |            15.608 |           1.56 |        0:40:00 |     1     0     0   100 |
|   LUNA/USDT |      1 |           1.80 |           1.80 |            15.554 |           1.56 |        0:15:00 |     1     0     0   100 |
|    HOT/USDT |      1 |           1.80 |           1.80 |            15.321 |           1.53 |        0:10:00 |     1     0     0   100 |
|   LINK/USDT |      2 |           1.15 |           2.30 |            14.710 |           1.47 |        0:35:00 |     2     0     0   100 |
|    SOL/USDT |      1 |           1.80 |           1.80 |            13.231 |           1.32 |        0:15:00 |     1     0     0   100 |
|    BCH/USDT |      1 |           2.80 |           2.80 |            12.947 |           1.29 |        0:05:00 |     1     0     0   100 |
|    CKB/USDT |      6 |           0.32 |           1.93 |            11.755 |           1.18 |        1:48:00 |     5     0     1  83.3 |
|    PNT/USDT |      1 |           1.80 |           1.80 |            11.709 |           1.17 |        0:10:00 |     1     0     0   100 |
|    CHR/USDT |      2 |           1.15 |           2.30 |            11.270 |           1.13 |        0:32:00 |     2     0     0   100 |
|    ONT/USDT |      2 |           0.50 |           1.00 |            11.125 |           1.11 |        1:00:00 |     2     0     0   100 |
|    YFI/USDT |      2 |           1.15 |           2.30 |            10.470 |           1.05 |        0:32:00 |     2     0     0   100 |
|  ALICE/USDT |      1 |           1.80 |           1.80 |             7.436 |           0.74 |        0:10:00 |     1     0     0   100 |
|    VET/USDT |      1 |           1.80 |           1.80 |             7.150 |           0.72 |        0:15:00 |     1     0     0   100 |
|    XEM/USDT |      1 |           1.80 |           1.80 |             6.618 |           0.66 |        0:15:00 |     1     0     0   100 |
|    XRP/USDT |      1 |           1.80 |           1.80 |             6.557 |           0.66 |        0:15:00 |     1     0     0   100 |
|    ENJ/USDT |      1 |           0.50 |           0.50 |             4.811 |           0.48 |        0:40:00 |     1     0     0   100 |
|    XMR/USDT |      1 |           0.50 |           0.50 |             4.656 |           0.47 |        1:10:00 |     1     0     0   100 |
|    XTZ/USDT |      1 |           0.50 |           0.50 |             2.853 |           0.29 |        2:45:00 |     1     0     0   100 |
|   ALGO/USDT |      0 |           0.00 |           0.00 |             0.000 |           0.00 |           0:00 |     0     0     0     0 |
|    BTC/USDT |      0 |           0.00 |           0.00 |             0.000 |           0.00 |           0:00 |     0     0     0     0 |
|    ETH/USDT |      0 |           0.00 |           0.00 |             0.000 |           0.00 |           0:00 |     0     0     0     0 |
|    LTC/USDT |      0 |           0.00 |           0.00 |             0.000 |           0.00 |           0:00 |     0     0     0     0 |
|    NKN/USDT |      0 |           0.00 |           0.00 |             0.000 |           0.00 |           0:00 |     0     0     0     0 |
|     SC/USDT |      0 |           0.00 |           0.00 |             0.000 |           0.00 |           0:00 |     0     0     0     0 |
|    UNI/USDT |      0 |           0.00 |           0.00 |             0.000 |           0.00 |           0:00 |     0     0     0     0 |
|    WIN/USDT |      0 |           0.00 |           0.00 |             0.000 |           0.00 |           0:00 |     0     0     0     0 |
|    XLM/USDT |      0 |           0.00 |           0.00 |             0.000 |           0.00 |           0:00 |     0     0     0     0 |
|    SXP/USDT |      3 |          -1.14 |          -3.41 |            -5.107 |          -0.51 |        1:45:00 |     2     0     1  66.7 |
|    AXS/USDT |      2 |          -1.71 |          -3.42 |           -13.297 |          -1.33 |        1:15:00 |     1     0     1  50.0 |
|    ZEN/USDT |      5 |          -0.33 |          -1.63 |           -14.062 |          -1.41 |        1:24:00 |     4     0     1  80.0 |
|   CELR/USDT |      4 |          -1.01 |          -4.06 |           -17.208 |          -1.72 |        0:39:00 |     3     0     1  75.0 |
|   AION/USDT |      5 |          -1.65 |          -8.26 |           -21.744 |          -2.17 |        0:28:00 |     3     0     2  60.0 |
|   REEF/USDT |      4 |          -0.53 |          -2.11 |           -21.976 |          -2.20 |        0:48:00 |     3     0     1  75.0 |
|    DNT/USDT |      5 |          -0.65 |          -3.24 |           -26.561 |          -2.66 |        1:30:00 |     4     0     1  80.0 |
|   EGLD/USDT |      2 |          -2.44 |          -4.88 |           -26.959 |          -2.70 |        7:30:00 |     1     0     1  50.0 |
|    ZEC/USDT |      2 |          -2.51 |          -5.02 |           -28.371 |          -2.84 |        1:20:00 |     1     0     1  50.0 |
|   STMX/USDT |      5 |          -0.27 |          -1.35 |           -30.012 |          -3.00 |        0:57:00 |     4     0     1  80.0 |
|    TWT/USDT |      2 |          -1.49 |          -2.98 |           -31.137 |          -3.11 |        4:05:00 |     1     0     1  50.0 |
|   PERL/USDT |      4 |          -0.53 |          -2.12 |           -34.188 |          -3.42 |        1:35:00 |     3     0     1  75.0 |
|    BNB/USDT |      1 |          -4.89 |          -4.89 |           -50.829 |          -5.08 |        1:40:00 |     0     0     1     0 |
|    FTM/USDT |      5 |          -1.61 |          -8.07 |           -68.132 |          -6.81 |        1:34:00 |     3     0     2  60.0 |
|  SUSHI/USDT |      6 |          -1.27 |          -7.62 |           -79.270 |          -7.93 |        1:33:00 |     4     0     2  66.7 |
|     AR/USDT |      6 |          -0.91 |          -5.47 |           -91.677 |          -9.17 |        0:56:00 |     5     0     1  83.3 |
|       TOTAL |    413 |           1.06 |         439.02 |          3194.470 |         319.45 |        1:40:00 |   390     0    23  94.4 |
======================================================= SELL REASON STATS ========================================================
|        Sell Reason |   Sells |   Win  Draws  Loss  Win% |   Avg Profit % |   Cum Profit % |   Tot Profit USDT |   Tot Profit % |
|--------------------+---------+--------------------------+----------------+----------------+-------------------+----------------|
|                roi |     390 |    390     0     0   100 |           1.46 |         567.61 |           4275.71 |         189.2  |
| trailing_stop_loss |      23 |      0     0    23     0 |          -5.59 |        -128.59 |          -1081.24 |         -42.86 |
====================================================== LEFT OPEN TRADES REPORT ======================================================
|   Pair |   Buys |   Avg Profit % |   Cum Profit % |   Tot Profit USDT |   Tot Profit % |   Avg Duration |   Win  Draw  Loss  Win% |
|--------+--------+----------------+----------------+-------------------+----------------+----------------+-------------------------|
|  TOTAL |      0 |           0.00 |           0.00 |             0.000 |           0.00 |           0:00 |     0     0     0     0 |
=============== SUMMARY METRICS ===============
| Metric                | Value               |
|-----------------------+---------------------|
| Backtesting from      | 2021-05-01 00:00:00 |
| Backtesting to        | 2021-07-01 09:45:00 |
| Max open trades       | 3                   |
|                       |                     |
| Total trades          | 413                 |
| Starting balance      | 1000.000 USDT       |
| Final balance         | 4194.470 USDT       |
| Absolute profit       | 3194.470 USDT       |
| Total profit %        | 319.45%             |
| Trades per day        | 6.77                |
| Avg. stake amount     | 791.750 USDT        |
| Total trade volume    | 326992.674 USDT     |
|                       |                     |
| Best Pair             | ATM/USDT 41.07%     |
| Worst Pair            | AION/USDT -8.26%    |
| Best trade            | BURGER/USDT 2.8%    |
| Worst trade           | AR/USDT -10.57%     |
| Best day              | 252.506 USDT        |
| Worst day             | -56.909 USDT        |
| Days win/draw/lose    | 54 / 3 / 5          |
| Avg. Duration Winners | 1:36:00             |
| Avg. Duration Loser   | 2:47:00             |
| Zero Duration Trades  | 0.00% (0)           |
| Rejected Buy signals  | 105176              |
|                       |                     |
| Min balance           | 1005.940 USDT       |
| Max balance           | 4223.331 USDT       |
| Drawdown              | 17.76%              |
| Drawdown              | 161.556 USDT        |
| Drawdown high         | 1740.122 USDT       |
| Drawdown low          | 1578.566 USDT       |
| Drawdown Start        | 2021-05-27 00:50:00 |
| Drawdown End          | 2021-05-27 03:05:00 |
| Market change         | -52.07%             |
===============================================

